Index,AIN1,AIN2,AIN 3,AIN 4,AIN 5,AIN 6,AIN 7,AIN 8
1,0.886447,0.539683,0,0,0,0,0,0
2,0.884005,0.515263,0,0,0,0,0,0
3,0.888889,0.532357,0,0,0,0,0,0
4,0.881563,0.595849,0,0,0,0,0,0
5,0.891331,0.615385,0,0,0,0,0,0
6,0.898657,0.493284,0,0,0,0,0,0
7,0.898657,0.554335,0,0,0,0,0,0
8,0.898657,0.556777,0,0,0,0,0,0
9,0.903541,0.537241,0,0,0,0,0,0
10,0.905983,0.534799,0,0,0,0,0,0
11,0.935287,0.554335,0,0,0,0,0,0
12,0.918193,0.620269,0,0,0,0,0,0
13,0.940171,0.532357,0,0,0,0,0,0
14,0.910867,0.549451,0,0,0,0,0,0
15,0.905983,0.549451,0,0,0,0,0,0
16,0.901099,0.544567,0,0,0,0,0,0
17,0.901099,0.534799,0,0,0,0,0,0
18,0.884005,0.537241,0,0,0,0,0,0
19,0.888889,0.554335,0,0,0,0,0,0
20,0.888889,0.525031,0,0,0,0,0,0
21,0.876679,0.539683,0,0,0,0,0,0
22,0.898657,0.537241,0,0,0,0,0,0
23,0.879121,0.551893,0,0,0,0,0,0
24,0.896215,0.542125,0,0,0,0,0,0
25,0.879121,0.522589,0,0,0,0,0,0
26,0.896215,0.498168,0,0,0,0,0,0
27,0.888889,0.551893,0,0,0,0,0,0
28,0.896215,0.547009,0,0,0,0,0,0
29,0.888889,0.554335,0,0,0,0,0,0
30,0.886447,0.571429,0,0,0,0,0,0
31,0.891331,0.532357,0,0,0,0,0,0
32,0.879121,0.544567,0,0,0,0,0,0
33,0.908425,0.542125,0,0,0,0,0,0
34,0.881563,0.544567,0,0,0,0,0,0
35,0.893773,0.544567,0,0,0,0,0,0
36,0.686203,0.529915,0,0,0,0,0,0
37,0.857143,0.551893,0,0,0,0,0,0
38,0.879121,0.576313,0,0,0,0,0,0
39,0.881563,0.522589,0,0,0,0,0,0
40,0.876679,0.534799,0,0,0,0,0,0
41,0.886447,0.551893,0,0,0,0,0,0
42,0.869353,0.522589,0,0,0,0,0,0
43,0.886447,0.564103,0,0,0,0,0,0
44,0.905983,0.542125,0,0,0,0,0,0
45,0.903541,0.527473,0,0,0,0,0,0
46,0.923077,0.549451,0,0,0,0,0,0
47,0.893773,0.566545,0,0,0,0,0,0
48,0.927961,0.625153,0,0,0,0,0,0
49,0.913309,0.551893,0,0,0,0,0,0
50,0.913309,0.532357,0,0,0,0,0,0
51,0.905983,0.532357,0,0,0,0,0,0
52,0.896215,0.551893,0,0,0,0,0,0
53,0.908425,0.532357,0,0,0,0,0,0
54,0.908425,0.532357,0,0,0,0,0,0
55,0.913309,0.542125,0,0,0,0,0,0
56,0.886447,0.522589,0,0,0,0,0,0
57,0.896215,0.539683,0,0,0,0,0,0
58,0.898657,0.537241,0,0,0,0,0,0
59,0.881563,0.532357,0,0,0,0,0,0
60,0.884005,0.515263,0,0,0,0,0,0
61,0.884005,0.532357,0,0,0,0,0,0
62,0.879121,0.549451,0,0,0,0,0,0
63,0.893773,0.539683,0,0,0,0,0,0
64,0.893773,0.542125,0,0,0,0,0,0
65,0.891331,0.544567,0,0,0,0,0,0
66,0.905983,0.554335,0,0,0,0,0,0
67,0.891331,0.525031,0,0,0,0,0,0
68,0.898657,0.542125,0,0,0,0,0,0
69,0.881563,0.549451,0,0,0,0,0,0
70,0.884005,0.529915,0,0,0,0,0,0
71,0.893773,0.537241,0,0,0,0,0,0
72,0.893773,0.522589,0,0,0,0,0,0
73,0.869353,0.522589,0,0,0,0,0,0
74,0.879121,0.568987,0,0,0,0,0,0
75,0.866911,0.593407,0,0,0,0,0,0
76,0.879121,0.593407,0,0,0,0,0,0
77,0.915751,0.549451,0,0,0,0,0,0
78,0.905983,0.539683,0,0,0,0,0,0
79,0.913309,0.542125,0,0,0,0,0,0
80,0.896215,0.549451,0,0,0,0,0,0
81,0.925519,0.556777,0,0,0,0,0,0
82,0.937729,0.527473,0,0,0,0,0,0
83,0.927961,0.556777,0,0,0,0,0,0
84,0.918193,0.539683,0,0,0,0,0,0
85,0.908425,0.612943,0,0,0,0,0,0
86,0.925519,0.554335,0,0,0,0,0,0
87,0.879121,0.547009,0,0,0,0,0,0
88,0.910867,0.510379,0,0,0,0,0,0
89,0.901099,0.566545,0,0,0,0,0,0
90,0.891331,0.529915,0,0,0,0,0,0
91,0.869353,0.525031,0,0,0,0,0,0
92,0.893773,0.510379,0,0,0,0,0,0
93,0.898657,0.590965,0,0,0,0,0,0
94,0.888889,0.534799,0,0,0,0,0,0
95,0.879121,0.537241,0,0,0,0,0,0
96,0.874237,0.537241,0,0,0,0,0,0
97,0.874237,0.537241,0,0,0,0,0,0
98,0.876679,0.532357,0,0,0,0,0,0
99,0.905983,0.554335,0,0,0,0,0,0
100,0.905983,0.556777,0,0,0,0,0,0
101,0.898657,0.537241,0,0,0,0,0,0
102,0.893773,0.549451,0,0,0,0,0,0
103,0.891331,0.547009,0,0,0,0,0,0
104,0.903541,0.566545,0,0,0,0,0,0
105,0.901099,0.551893,0,0,0,0,0,0
106,0.893773,0.532357,0,0,0,0,0,0
107,0.866911,0.532357,0,0,0,0,0,0
108,0.891331,0.583639,0,0,0,0,0,0
109,0.891331,0.532357,0,0,0,0,0,0
110,0.915751,0.542125,0,0,0,0,0,0
111,0.918193,0.529915,0,0,0,0,0,0
112,0.920635,0.554335,0,0,0,0,0,0
113,0.920635,0.598291,0,0,0,0,0,0
114,0.903541,0.539683,0,0,0,0,0,0
115,0.901099,0.551893,0,0,0,0,0,0
116,0.896215,0.547009,0,0,0,0,0,0
117,0.910867,0.551893,0,0,0,0,0,0
118,0.908425,0.554335,0,0,0,0,0,0
119,0.908425,0.537241,0,0,0,0,0,0
120,0.659341,0.539683,0,0,0,0,0,0
121,0.893773,0.544567,0,0,0,0,0,0
122,0.903541,0.615385,0,0,0,0,0,0
123,0.896215,0.547009,0,0,0,0,0,0
124,0.876679,0.527473,0,0,0,0,0,0
125,0.886447,0.542125,0,0,0,0,0,0
126,0.881563,0.522589,0,0,0,0,0,0
127,0.876679,0.500611,0,0,0,0,0,0
128,0.864469,0.532357,0,0,0,0,0,0
129,0.874237,0.556777,0,0,0,0,0,0
130,0.874237,0.512821,0,0,0,0,0,0
131,0.866911,0.537241,0,0,0,0,0,0
132,0.903541,0.551893,0,0,0,0,0,0
133,0.898657,0.551893,0,0,0,0,0,0
134,0.918193,0.561661,0,0,0,0,0,0
135,0.910867,0.551893,0,0,0,0,0,0
136,0.903541,0.556777,0,0,0,0,0,0
137,0.908425,0.559219,0,0,0,0,0,0
138,0.910867,0.556777,0,0,0,0,0,0
139,0.903541,0.512821,0,0,0,0,0,0
140,0.910867,0.559219,0,0,0,0,0,0
141,0.905983,0.503053,0,0,0,0,0,0
142,0.903541,0.578755,0,0,0,0,0,0
143,0.918193,0.542125,0,0,0,0,0,0
144,0.905983,0.505495,0,0,0,0,0,0
145,0.898657,0.534799,0,0,0,0,0,0
146,0.879121,0.539683,0,0,0,0,0,0
147,0.905983,0.507937,0,0,0,0,0,0
148,0.901099,0.568987,0,0,0,0,0,0
149,0.891331,0.598291,0,0,0,0,0,0
150,0.879121,0.542125,0,0,0,0,0,0
151,0.891331,0.568987,0,0,0,0,0,0
152,0.884005,0.559219,0,0,0,0,0,0
153,0.893773,0.537241,0,0,0,0,0,0
154,0.908425,0.542125,0,0,0,0,0,0
155,0.888889,0.539683,0,0,0,0,0,0
156,0.893773,0.534799,0,0,0,0,0,0
157,0.879121,0.517705,0,0,0,0,0,0
158,0.896215,0.576313,0,0,0,0,0,0
159,0.896215,0.547009,0,0,0,0,0,0
160,0.864469,0.483516,0,0,0,0,0,0
161,0.871795,0.517705,0,0,0,0,0,0
162,0.881563,0.561661,0,0,0,0,0,0
163,0.893773,0.527473,0,0,0,0,0,0
164,0.910867,0.544567,0,0,0,0,0,0
165,0.901099,0.512821,0,0,0,0,0,0
166,0.910867,0.539683,0,0,0,0,0,0
167,0.913309,0.525031,0,0,0,0,0,0
168,0.898657,0.547009,0,0,0,0,0,0
169,0.920635,0.603175,0,0,0,0,0,0
170,0.927961,0.564103,0,0,0,0,0,0
171,0.920635,0.539683,0,0,0,0,0,0
172,0.913309,0.551893,0,0,0,0,0,0
173,0.901099,0.559219,0,0,0,0,0,0
174,0.908425,0.539683,0,0,0,0,0,0
175,0.898657,0.537241,0,0,0,0,0,0
176,0.932845,0.547009,0,0,0,0,0,0
177,0.886447,0.539683,0,0,0,0,0,0
178,0.908425,0.527473,0,0,0,0,0,0
179,0.879121,0.551893,0,0,0,0,0,0
180,0.896215,0.539683,0,0,0,0,0,0
181,0.898657,0.510379,0,0,0,0,0,0
182,0.888889,0.537241,0,0,0,0,0,0
183,0.874237,0.517705,0,0,0,0,0,0
184,0.876679,0.542125,0,0,0,0,0,0
185,0.869353,0.532357,0,0,0,0,0,0
186,0.864469,0.547009,0,0,0,0,0,0
187,0.898657,0.547009,0,0,0,0,0,0
188,0.891331,0.586081,0,0,0,0,0,0
189,0.891331,0.561661,0,0,0,0,0,0
190,0.888889,0.520147,0,0,0,0,0,0
191,0.910867,0.554335,0,0,0,0,0,0
192,0.927961,0.551893,0,0,0,0,0,0
193,0.898657,0.522589,0,0,0,0,0,0
194,0.742369,0.542125,0,0,0,0,0,0
195,0.886447,0.551893,0,0,0,0,0,0
196,0.884005,0.529915,0,0,0,0,0,0
197,0.703297,0.520147,0,0,0,0,0,0
198,0.905983,0.537241,0,0,0,0,0,0
199,0.905983,0.554335,0,0,0,0,0,0
200,0.920635,0.544567,0,0,0,0,0,0
201,0.903541,0.554335,0,0,0,0,0,0
202,0.925519,0.551893,0,0,0,0,0,0
203,0.932845,0.542125,0,0,0,0,0,0
204,0.888889,0.544567,0,0,0,0,0,0
205,0.898657,0.556777,0,0,0,0,0,0
206,0.896215,0.571429,0,0,0,0,0,0
207,0.898657,0.551893,0,0,0,0,0,0
208,0.893773,0.534799,0,0,0,0,0,0
209,0.908425,0.512821,0,0,0,0,0,0
210,0.910867,0.534799,0,0,0,0,0,0
211,0.908425,0.588523,0,0,0,0,0,0
212,0.881563,0.505495,0,0,0,0,0,0
213,0.884005,0.537241,0,0,0,0,0,0
214,0.884005,0.537241,0,0,0,0,0,0
215,0.876679,0.539683,0,0,0,0,0,0
216,0.869353,0.527473,0,0,0,0,0,0
217,0.871795,0.547009,0,0,0,0,0,0
218,0.871795,0.527473,0,0,0,0,0,0
219,0.862027,0.529915,0,0,0,0,0,0
220,0.898657,0.515263,0,0,0,0,0,0
221,0.898657,0.542125,0,0,0,0,0,0
222,0.915751,0.559219,0,0,0,0,0,0
223,0.903541,0.568987,0,0,0,0,0,0
224,0.927961,0.542125,0,0,0,0,0,0
225,0.913309,0.551893,0,0,0,0,0,0
226,0.905983,0.539683,0,0,0,0,0,0
227,0.913309,0.559219,0,0,0,0,0,0
228,0.920635,0.554335,0,0,0,0,0,0
229,0.918193,0.539683,0,0,0,0,0,0
230,0.896215,0.537241,0,0,0,0,0,0
231,0.903541,0.598291,0,0,0,0,0,0
232,0.891331,0.527473,0,0,0,0,0,0
233,0.918193,0.534799,0,0,0,0,0,0
234,0.896215,0.549451,0,0,0,0,0,0
235,0.910867,0.525031,0,0,0,0,0,0
236,0.893773,0.529915,0,0,0,0,0,0
237,0.901099,0.537241,0,0,0,0,0,0
238,0.886447,0.544567,0,0,0,0,0,0
239,0.901099,0.556777,0,0,0,0,0,0
240,0.879121,0.554335,0,0,0,0,0,0
241,0.898657,0.556777,0,0,0,0,0,0
242,0.905983,0.573871,0,0,0,0,0,0
243,0.881563,0.532357,0,0,0,0,0,0
244,0.888889,0.559219,0,0,0,0,0,0
245,0.876679,0.568987,0,0,0,0,0,0
246,0.888889,0.544567,0,0,0,0,0,0
247,0.888889,0.547009,0,0,0,0,0,0
248,0.871795,0.527473,0,0,0,0,0,0
249,0.844933,0.507937,0,0,0,0,0,0
250,0.857143,0.547009,0,0,0,0,0,0
1,0.857143,0.539683,0,0,0,0,0,0
2,0.864469,0.512821,0,0,0,0,0,0
3,0.888889,0.529915,0,0,0,0,0,0
4,0.874237,0.505495,0,0,0,0,0,0
5,0.857143,0.554335,0,0,0,0,0,0
6,0.871795,0.615385,0,0,0,0,0,0
7,0.893773,0.551893,0,0,0,0,0,0
8,0.896215,0.529915,0,0,0,0,0,0
9,0.905983,0.527473,0,0,0,0,0,0
10,0.881563,0.605617,0,0,0,0,0,0
11,0.898657,0.544567,0,0,0,0,0,0
12,0.879121,0.525031,0,0,0,0,0,0
13,0.884005,0.542125,0,0,0,0,0,0
14,0.893773,0.568987,0,0,0,0,0,0
15,0.879121,0.547009,0,0,0,0,0,0
16,0.888889,0.568987,0,0,0,0,0,0
17,0.864469,0.517705,0,0,0,0,0,0
18,0.888889,0.632479,0,0,0,0,0,0
19,0.905983,0.578755,0,0,0,0,0,0
20,0.896215,0.554335,0,0,0,0,0,0
21,0.893773,0.564103,0,0,0,0,0,0
22,0.879121,0.583639,0,0,0,0,0,0
23,0.884005,0.603175,0,0,0,0,0,0
24,0.893773,0.571429,0,0,0,0,0,0
25,0.876679,0.556777,0,0,0,0,0,0
26,0.888889,0.600733,0,0,0,0,0,0
27,0.920635,0.581197,0,0,0,0,0,0
28,0.866911,0.551893,0,0,0,0,0,0
29,0.881563,0.590965,0,0,0,0,0,0
30,0.652015,0.617827,0,0,0,0,0,0
31,0.869353,0.561661,0,0,0,0,0,0
32,0.857143,0.576313,0,0,0,0,0,0
33,0.859585,0.586081,0,0,0,0,0,0
34,0.852259,0.559219,0,0,0,0,0,0
35,0.840049,0.571429,0,0,0,0,0,0
36,0.862027,0.586081,0,0,0,0,0,0
37,0.869353,0.549451,0,0,0,0,0,0
38,0.869353,0.576313,0,0,0,0,0,0
39,0.871795,0.598291,0,0,0,0,0,0
40,0.862027,0.590965,0,0,0,0,0,0
41,0.879121,0.578755,0,0,0,0,0,0
42,0.871795,0.605617,0,0,0,0,0,0
43,0.884005,0.634921,0,0,0,0,0,0
44,0.881563,0.595849,0,0,0,0,0,0
45,0.871795,0.617827,0,0,0,0,0,0
46,0.881563,0.615385,0,0,0,0,0,0
47,0.888889,0.630037,0,0,0,0,0,0
48,0.886447,0.627595,0,0,0,0,0,0
49,0.652015,0.625153,0,0,0,0,0,0
50,0.869353,0.625153,0,0,0,0,0,0
51,0.884005,0.615385,0,0,0,0,0,0
52,0.879121,0.620269,0,0,0,0,0,0
53,0.859585,0.632479,0,0,0,0,0,0
54,0.886447,0.598291,0,0,0,0,0,0
55,0.854701,0.634921,0,0,0,0,0,0
56,0.871795,0.612943,0,0,0,0,0,0
57,0.864469,0.617827,0,0,0,0,0,0
58,0.852259,0.630037,0,0,0,0,0,0
59,0.869353,0.605617,0,0,0,0,0,0
60,0.869353,0.637363,0,0,0,0,0,0
61,0.864469,0.652015,0,0,0,0,0,0
62,0.876679,0.644689,0,0,0,0,0,0
63,0.857143,0.676435,0,0,0,0,0,0
64,0.852259,0.634921,0,0,0,0,0,0
65,0.859585,0.642247,0,0,0,0,0,0
66,0.840049,0.644689,0,0,0,0,0,0
67,0.859585,0.649573,0,0,0,0,0,0
68,0.652015,0.617827,0,0,0,0,0,0
69,0.852259,0.610501,0,0,0,0,0,0
70,0.840049,0.647131,0,0,0,0,0,0
71,0.864469,0.703297,0,0,0,0,0,0
72,0.849817,0.654457,0,0,0,0,0,0
73,0.869353,0.634921,0,0,0,0,0,0
74,0.866911,0.656899,0,0,0,0,0,0
75,0.864469,0.644689,0,0,0,0,0,0
76,0.857143,0.664225,0,0,0,0,0,0
77,0.864469,0.681319,0,0,0,0,0,0
78,0.864469,0.725275,0,0,0,0,0,0
79,0.879121,0.644689,0,0,0,0,0,0
80,0.905983,0.720391,0,0,0,0,0,0
81,0.876679,0.630037,0,0,0,0,0,0
82,0.871795,0.681319,0,0,0,0,0,0
83,0.849817,0.688645,0,0,0,0,0,0
84,0.864469,0.673993,0,0,0,0,0,0
85,0.864469,0.678877,0,0,0,0,0,0
86,0.849817,0.666667,0,0,0,0,0,0
87,0.791209,0.664225,0,0,0,0,0,0
88,0.835165,0.688645,0,0,0,0,0,0
89,0.835165,0.686203,0,0,0,0,0,0
90,0.849817,0.693529,0,0,0,0,0,0
91,0.859585,0.703297,0,0,0,0,0,0
92,0.849817,0.688645,0,0,0,0,0,0
93,0.854701,0.698413,0,0,0,0,0,0
94,0.849817,0.703297,0,0,0,0,0,0
95,0.881563,0.691087,0,0,0,0,0,0
96,0.884005,0.703297,0,0,0,0,0,0
97,0.884005,0.752137,0,0,0,0,0,0
98,0.874237,0.715507,0,0,0,0,0,0
99,0.857143,0.791209,0,0,0,0,0,0
100,0.879121,0.771673,0,0,0,0,0,0
101,0.879121,0.710623,0,0,0,0,0,0
102,0.898657,0.725275,0,0,0,0,0,0
103,0.844933,0.705739,0,0,0,0,0,0
104,0.876679,0.666667,0,0,0,0,0,0
105,0.854701,0.715507,0,0,0,0,0,0
106,0.871795,0.725275,0,0,0,0,0,0
107,0.876679,0.732601,0,0,0,0,0,0
108,0.869353,0.703297,0,0,0,0,0,0
109,0.852259,0.722833,0,0,0,0,0,0
110,0.849817,0.730159,0,0,0,0,0,0
111,0.849817,0.739927,0,0,0,0,0,0
112,0.871795,0.742369,0,0,0,0,0,0
113,0.866911,0.781441,0,0,0,0,0,0
114,0.879121,0.747253,0,0,0,0,0,0
115,0.881563,0.822955,0,0,0,0,0,0
116,0.822955,0.791209,0,0,0,0,0,0
117,0.881563,0.766789,0,0,0,0,0,0
118,0.886447,0.761905,0,0,0,0,0,0
119,0.888889,0.742369,0,0,0,0,0,0
120,0.876679,0.754579,0,0,0,0,0,0
121,0.876679,0.754579,0,0,0,0,0,0
122,0.866911,0.703297,0,0,0,0,0,0
123,0.854701,0.732601,0,0,0,0,0,0
124,0.893773,0.764347,0,0,0,0,0,0
125,0.869353,0.769231,0,0,0,0,0,0
126,0.898657,0.730159,0,0,0,0,0,0
127,0.869353,0.776557,0,0,0,0,0,0
128,0.903541,0.786325,0,0,0,0,0,0
129,0.876679,0.771673,0,0,0,0,0,0
130,0.901099,0.778999,0,0,0,0,0,0
131,0.881563,0.793651,0,0,0,0,0,0
132,0.871795,0.798535,0,0,0,0,0,0
133,0.886447,0.796093,0,0,0,0,0,0
134,0.869353,0.766789,0,0,0,0,0,0
135,0.874237,0.771673,0,0,0,0,0,0
136,0.879121,0.786325,0,0,0,0,0,0
137,0.881563,0.786325,0,0,0,0,0,0
138,0.915751,0.766789,0,0,0,0,0,0
139,0.862027,0.759463,0,0,0,0,0,0
140,0.871795,0.783883,0,0,0,0,0,0
141,0.852259,0.793651,0,0,0,0,0,0
142,0.869353,0.791209,0,0,0,0,0,0
143,0.876679,0.808303,0,0,0,0,0,0
144,0.879121,0.786325,0,0,0,0,0,0
145,0.881563,0.800977,0,0,0,0,0,0
146,0.898657,0.808303,0,0,0,0,0,0
147,0.896215,0.808303,0,0,0,0,0,0
148,0.915751,0.825397,0,0,0,0,0,0
149,0.903541,0.803419,0,0,0,0,0,0
150,0.920635,0.820513,0,0,0,0,0,0
151,0.927961,0.818071,0,0,0,0,0,0
152,0.913309,0.835165,0,0,0,0,0,0
153,0.908425,0.818071,0,0,0,0,0,0
154,0.869353,0.837607,0,0,0,0,0,0
155,0.888889,0.825397,0,0,0,0,0,0
156,0.874237,0.825397,0,0,0,0,0,0
157,0.881563,0.818071,0,0,0,0,0,0
158,0.876679,0.813187,0,0,0,0,0,0
159,0.891331,0.825397,0,0,0,0,0,0
160,0.871795,0.813187,0,0,0,0,0,0
161,0.891331,0.822955,0,0,0,0,0,0
162,0.888889,0.832723,0,0,0,0,0,0
163,0.888889,0.825397,0,0,0,0,0,0
164,0.886447,0.837607,0,0,0,0,0,0
165,0.896215,0.835165,0,0,0,0,0,0
166,0.886447,0.847375,0,0,0,0,0,0
167,0.888889,0.854701,0,0,0,0,0,0
168,0.898657,0.840049,0,0,0,0,0,0
169,0.898657,0.896215,0,0,0,0,0,0
170,0.908425,0.832723,0,0,0,0,0,0
171,0.896215,0.822955,0,0,0,0,0,0
172,0.910867,0.837607,0,0,0,0,0,0
173,0.905983,0.827839,0,0,0,0,0,0
174,0.893773,0.813187,0,0,0,0,0,0
175,0.888889,0.781441,0,0,0,0,0,0
176,0.903541,0.844933,0,0,0,0,0,0
177,0.903541,0.837607,0,0,0,0,0,0
178,0.893773,0.837607,0,0,0,0,0,0
179,0.930403,0.852259,0,0,0,0,0,0
180,0.891331,0.859585,0,0,0,0,0,0
181,0.920635,0.857143,0,0,0,0,0,0
182,0.891331,0.881563,0,0,0,0,0,0
183,0.920635,0.874237,0,0,0,0,0,0
184,0.920635,0.849817,0,0,0,0,0,0
185,0.903541,0.859585,0,0,0,0,0,0
186,0.888889,0.869353,0,0,0,0,0,0
187,0.896215,0.874237,0,0,0,0,0,0
188,0.888889,0.859585,0,0,0,0,0,0
189,0.884005,0.918193,0,0,0,0,0,0
190,0.898657,0.898657,0,0,0,0,0,0
191,0.879121,0.869353,0,0,0,0,0,0
192,0.886447,0.881563,0,0,0,0,0,0
193,0.891331,0.859585,0,0,0,0,0,0
194,0.913309,0.859585,0,0,0,0,0,0
195,0.905983,0.884005,0,0,0,0,0,0
196,0.910867,0.869353,0,0,0,0,0,0
197,0.896215,0.854701,0,0,0,0,0,0
198,0.898657,0.901099,0,0,0,0,0,0
199,0.905983,0.866911,0,0,0,0,0,0
200,0.908425,0.888889,0,0,0,0,0,0
201,0.940171,0.901099,0,0,0,0,0,0
202,0.937729,0.896215,0,0,0,0,0,0
203,0.927961,0.893773,0,0,0,0,0,0
204,0.918193,0.884005,0,0,0,0,0,0
205,0.945055,0.908425,0,0,0,0,0,0
206,0.932845,0.857143,0,0,0,0,0,0
207,0.901099,0.874237,0,0,0,0,0,0
208,0.967033,0.857143,0,0,0,0,0,0
209,0.871795,0.893773,0,0,0,0,0,0
210,0.879121,0.888889,0,0,0,0,0,0
211,0.891331,0.886447,0,0,0,0,0,0
212,0.903541,0.891331,0,0,0,0,0,0
213,0.898657,0.891331,0,0,0,0,0,0
214,0.908425,0.893773,0,0,0,0,0,0
215,0.888889,0.869353,0,0,0,0,0,0
216,0.908425,0.905983,0,0,0,0,0,0
217,0.915751,0.893773,0,0,0,0,0,0
218,0.915751,0.896215,0,0,0,0,0,0
219,0.901099,0.881563,0,0,0,0,0,0
220,0.920635,0.908425,0,0,0,0,0,0
221,0.905983,0.891331,0,0,0,0,0,0
222,0.913309,0.940171,0,0,0,0,0,0
223,0.925519,0.903541,0,0,0,0,0,0
224,0.920635,0.903541,0,0,0,0,0,0
225,0.915751,0.898657,0,0,0,0,0,0
226,0.891331,0.947497,0,0,0,0,0,0
227,0.910867,0.901099,0,0,0,0,0,0
228,0.930403,0.893773,0,0,0,0,0,0
229,0.925519,0.893773,0,0,0,0,0,0
230,0.918193,0.908425,0,0,0,0,0,0
231,0.927961,0.886447,0,0,0,0,0,0
232,0.927961,0.888889,0,0,0,0,0,0
233,0.940171,0.913309,0,0,0,0,0,0
234,0.930403,0.971917,0,0,0,0,0,0
235,0.920635,0.937729,0,0,0,0,0,0
236,0.935287,0.927961,0,0,0,0,0,0
237,0.859585,0.969475,0,0,0,0,0,0
238,0.925519,0.879121,0,0,0,0,0,0
239,0.925519,0.959707,0,0,0,0,0,0
240,0.798535,0.898657,0,0,0,0,0,0
241,0.901099,0.949939,0,0,0,0,0,0
242,0.896215,0.910867,0,0,0,0,0,0
243,0.886447,0.869353,0,0,0,0,0,0
244,0.886447,0.891331,0,0,0,0,0,0
245,0.905983,0.905983,0,0,0,0,0,0
246,0.898657,0.915751,0,0,0,0,0,0
247,0.920635,0.910867,0,0,0,0,0,0
248,0.901099,0.903541,0,0,0,0,0,0
249,0.930403,0.891331,0,0,0,0,0,0
250,0.930403,0.932845,0,0,0,0,0,0
1,0.937729,0.927961,0,0,0,0,0,0
2,0.932845,0.927961,0,0,0,0,0,0
3,0.937729,0.947497,0,0,0,0,0,0
4,0.937729,0.918193,0,0,0,0,0,0
5,0.937729,0.893773,0,0,0,0,0,0
6,0.954823,0.935287,0,0,0,0,0,0
7,0.908425,0.954823,0,0,0,0,0,0
8,0.942613,0.932845,0,0,0,0,0,0
9,0.913309,0.923077,0,0,0,0,0,0
10,0.918193,0.920635,0,0,0,0,0,0
11,0.910867,0.935287,0,0,0,0,0,0
12,0.910867,0.886447,0,0,0,0,0,0
13,0.908425,0.935287,0,0,0,0,0,0
14,0.898657,0.942613,0,0,0,0,0,0
15,0.905983,0.967033,0,0,0,0,0,0
16,0.915751,0.908425,0,0,0,0,0,0
17,0.910867,0.940171,0,0,0,0,0,0
18,0.908425,0.923077,0,0,0,0,0,0
19,0.935287,0.952381,0,0,0,0,0,0
20,0.910867,1.00855,0,0,0,0,0,0
21,0.940171,0.957265,0,0,0,0,0,0
22,0.937729,0.949939,0,0,0,0,0,0
23,0.937729,0.947497,0,0,0,0,0,0
24,0.940171,0.957265,0,0,0,0,0,0
25,0.932845,0.954823,0,0,0,0,0,0
26,0.927961,0.935287,0,0,0,0,0,0
27,0.923077,0.925519,0,0,0,0,0,0
28,0.937729,0.942613,0,0,0,0,0,0
29,0.930403,0.952381,0,0,0,0,0,0
30,0.954823,0.949939,0,0,0,0,0,0
31,0.942613,0.947497,0,0,0,0,0,0
32,0.937729,1.01832,0,0,0,0,0,0
33,0.942613,0.964591,0,0,0,0,0,0
34,0.935287,0.942613,0,0,0,0,0,0
35,0.918193,0.974359,0,0,0,0,0,0
36,0.935287,0.991453,0,0,0,0,0,0
37,0.935287,0.989011,0,0,0,0,0,0
38,0.920635,0.962149,0,0,0,0,0,0
39,0.937729,0.986569,0,0,0,0,0,0
40,0.930403,0.976801,0,0,0,0,0,0
41,0.693529,0.981685,0,0,0,0,0,0
42,0.927961,0.979243,0,0,0,0,0,0
43,0.927961,0.962149,0,0,0,0,0,0
44,0.927961,0.974359,0,0,0,0,0,0
45,0.910867,0.952381,0,0,0,0,0,0
46,0.886447,0.986569,0,0,0,0,0,0
47,0.923077,0.996337,0,0,0,0,0,0
48,0.930403,0.984127,0,0,0,0,0,0
49,0.935287,0.986569,0,0,0,0,0,0
50,0.947497,0.984127,0,0,0,0,0,0
51,0.932845,0.976801,0,0,0,0,0,0
52,0.945055,0.993895,0,0,0,0,0,0
53,0.940171,0.959707,0,0,0,0,0,0
54,0.947497,0.974359,0,0,0,0,0,0
55,0.957265,1.01587,0,0,0,0,0,0
56,0.947497,1.01343,0,0,0,0,0,0
57,0.969475,0.981685,0,0,0,0,0,0
58,0.964591,1.00611,0,0,0,0,0,0
59,0.947497,1.00122,0,0,0,0,0,0
60,0.764347,1.02076,0,0,0,0,0,0
61,0.969475,1.00855,0,0,0,0,0,0
62,0.954823,1.01343,0,0,0,0,0,0
63,0.967033,1.00366,0,0,0,0,0,0
64,0.959707,1.00366,0,0,0,0,0,0
65,0.935287,1.00366,0,0,0,0,0,0
66,0.954823,1.00855,0,0,0,0,0,0
67,0.945055,1.00611,0,0,0,0,0,0
68,0.937729,1.01832,0,0,0,0,0,0
69,0.925519,0.998779,0,0,0,0,0,0
70,0.940171,1.01832,0,0,0,0,0,0
71,0.945055,1.00855,0,0,0,0,0,0
72,0.967033,1.02808,0,0,0,0,0,0
73,0.954823,1.0232,0,0,0,0,0,0
74,0.947497,1.01587,0,0,0,0,0,0
75,0.932845,1.01832,0,0,0,0,0,0
76,0.915751,0.989011,0,0,0,0,0,0
77,0.947497,1.02808,0,0,0,0,0,0
78,0.927961,1.00611,0,0,0,0,0,0
79,0.898657,1.01587,0,0,0,0,0,0
80,0.913309,1.01343,0,0,0,0,0,0
81,0.918193,1.01099,0,0,0,0,0,0
82,0.925519,0.993895,0,0,0,0,0,0
83,0.937729,1.00122,0,0,0,0,0,0
84,0.920635,1.03541,0,0,0,0,0,0
85,0.942613,0.998779,0,0,0,0,0,0
86,0.942613,1.03785,0,0,0,0,0,0
87,0.962149,1.03541,0,0,0,0,0,0
88,0.969475,1.11355,0,0,0,0,0,0
89,0.964591,1.05495,0,0,0,0,0,0
90,0.945055,1.04518,0,0,0,0,0,0
91,0.949939,1.0696,0,0,0,0,0,0
92,0.962149,1.05983,0,0,0,0,0,0
93,0.957265,1.05495,0,0,0,0,0,0
94,0.974359,1.0525,0,0,0,0,0,0
95,1.03541,1.05739,0,0,0,0,0,0
96,0.964591,1.04518,0,0,0,0,0,0
97,0.942613,1.05739,0,0,0,0,0,0
98,0.962149,1.05006,0,0,0,0,0,0
99,0.976801,1.04029,0,0,0,0,0,0
100,0.932845,1.05983,0,0,0,0,0,0
101,0.952381,1.05983,0,0,0,0,0,0
102,0.927961,1.05495,0,0,0,0,0,0
103,0.935287,1.0696,0,0,0,0,0,0
104,0.945055,1.03541,0,0,0,0,0,0
105,0.969475,1.09402,0,0,0,0,0,0
106,0.957265,1.09402,0,0,0,0,0,0
107,0.964591,1.09402,0,0,0,0,0,0
108,0.947497,1.09402,0,0,0,0,0,0
109,0.957265,1.09158,0,0,0,0,0,0
110,0.957265,1.10867,0,0,0,0,0,0
111,0.945055,1.0696,0,0,0,0,0,0
112,0.918193,1.08913,0,0,0,0,0,0
113,0.945055,1.08181,0,0,0,0,0,0
114,0.918193,1.07692,0,0,0,0,0,0
115,0.918193,1.08913,0,0,0,0,0,0
116,0.947497,1.0696,0,0,0,0,0,0
117,0.964591,1.08669,0,0,0,0,0,0
118,0.964591,1.11111,0,0,0,0,0,0
119,0.942613,1.09646,0,0,0,0,0,0
120,0.964591,1.0696,0,0,0,0,0,0
121,0.959707,1.11111,0,0,0,0,0,0
122,0.962149,1.116,0,0,0,0,0,0
123,0.952381,1.13309,0,0,0,0,0,0
124,0.962149,1.116,0,0,0,0,0,0
125,0.962149,1.11355,0,0,0,0,0,0
126,0.962149,1.12332,0,0,0,0,0,0
127,0.984127,1.12088,0,0,0,0,0,0
128,0.971917,1.08181,0,0,0,0,0,0
129,0.986569,1.11355,0,0,0,0,0,0
130,0.971917,1.12332,0,0,0,0,0,0
131,0.940171,1.05983,0,0,0,0,0,0
132,0.967033,1.11844,0,0,0,0,0,0
133,0.952381,1.15018,0,0,0,0,0,0
134,0.945055,1.11111,0,0,0,0,0,0
135,0.945055,1.10379,0,0,0,0,0,0
136,0.937729,1.14042,0,0,0,0,0,0
137,0.925519,1.12576,0,0,0,0,0,0
138,0.949939,1.15507,0,0,0,0,0,0
139,0.937729,1.20391,0,0,0,0,0,0
140,0.962149,1.15263,0,0,0,0,0,0
141,0.952381,1.12332,0,0,0,0,0,0
142,0.986569,1.19658,0,0,0,0,0,0
143,0.959707,1.14774,0,0,0,0,0,0
144,0.952381,1.15263,0,0,0,0,0,0
145,0.942613,1.19902,0,0,0,0,0,0
146,0.927961,1.18193,0,0,0,0,0,0
147,0.937729,1.13797,0,0,0,0,0,0
148,0.935287,1.13553,0,0,0,0,0,0
149,0.954823,1.15507,0,0,0,0,0,0
150,0.940171,1.15018,0,0,0,0,0,0
151,0.969475,1.16484,0,0,0,0,0,0
152,0.957265,1.17216,0,0,0,0,0,0
153,0.971917,1.15263,0,0,0,0,0,0
154,0.971917,1.15995,0,0,0,0,0,0
155,0.967033,1.16728,0,0,0,0,0,0
156,0.962149,1.14042,0,0,0,0,0,0
157,0.971917,1.18437,0,0,0,0,0,0
158,0.991453,1.16728,0,0,0,0,0,0
159,0.979243,1.16728,0,0,0,0,0,0
160,0.991453,1.15995,0,0,0,0,0,0
161,0.979243,1.18193,0,0,0,0,0,0
162,0.976801,1.1746,0,0,0,0,0,0
163,0.984127,1.17216,0,0,0,0,0,0
164,0.976801,1.16239,0,0,0,0,0,0
165,0.971917,1.18437,0,0,0,0,0,0
166,0.959707,1.15751,0,0,0,0,0,0
167,0.927961,1.15751,0,0,0,0,0,0
168,0.942613,1.1917,0,0,0,0,0,0
169,0.952381,1.16728,0,0,0,0,0,0
170,0.954823,1.16972,0,0,0,0,0,0
171,0.967033,1.14774,0,0,0,0,0,0
172,0.947497,1.23077,0,0,0,0,0,0
173,0.967033,1.20879,0,0,0,0,0,0
174,0.964591,1.18437,0,0,0,0,0,0
175,0.971917,1.19658,0,0,0,0,0,0
176,0.981685,1.20391,0,0,0,0,0,0
177,0.959707,1.17705,0,0,0,0,0,0
178,0.947497,1.19414,0,0,0,0,0,0
179,0.952381,1.20635,0,0,0,0,0,0
180,0.942613,1.24298,0,0,0,0,0,0
181,0.947497,1.18437,0,0,0,0,0,0
182,0.942613,1.18926,0,0,0,0,0,0
183,0.962149,1.18681,0,0,0,0,0,0
184,0.967033,1.1917,0,0,0,0,0,0
185,0.962149,1.18437,0,0,0,0,0,0
186,0.979243,1.19414,0,0,0,0,0,0
187,0.986569,1.19902,0,0,0,0,0,0
188,0.974359,1.15751,0,0,0,0,0,0
189,0.976801,1.23321,0,0,0,0,0,0
190,0.954823,1.18437,0,0,0,0,0,0
191,0.981685,1.19414,0,0,0,0,0,0
192,0.984127,1.20879,0,0,0,0,0,0
193,1.00611,1.21856,0,0,0,0,0,0
194,0.981685,1.23077,0,0,0,0,0,0
195,1.00122,1.19658,0,0,0,0,0,0
196,0.984127,1.27228,0,0,0,0,0,0
197,1.00366,1.21123,0,0,0,0,0,0
198,0.993895,1.27473,0,0,0,0,0,0
199,0.962149,1.25763,0,0,0,0,0,0
200,0.969475,1.21368,0,0,0,0,0,0
201,0.952381,1.21856,0,0,0,0,0,0
202,0.949939,1.18193,0,0,0,0,0,0
203,0.947497,1.28694,0,0,0,0,0,0
204,0.971917,1.22344,0,0,0,0,0,0
205,0.954823,1.21368,0,0,0,0,0,0
206,0.971917,1.22833,0,0,0,0,0,0
207,0.947497,1.22589,0,0,0,0,0,0
208,0.969475,1.2381,0,0,0,0,0,0
209,0.971917,1.2381,0,0,0,0,0,0
210,0.974359,1.23321,0,0,0,0,0,0
211,0.964591,1.29426,0,0,0,0,0,0
212,0.967033,1.22833,0,0,0,0,0,0
213,0.952381,1.26984,0,0,0,0,0,0
214,0.959707,1.2381,0,0,0,0,0,0
215,0.971917,1.24298,0,0,0,0,0,0
216,0.967033,1.21856,0,0,0,0,0,0
217,0.962149,1.25519,0,0,0,0,0,0
218,0.957265,1.23321,0,0,0,0,0,0
219,0.957265,1.25031,0,0,0,0,0,0
220,0.957265,1.25031,0,0,0,0,0,0
221,0.974359,1.23321,0,0,0,0,0,0
222,0.957265,1.22589,0,0,0,0,0,0
223,0.957265,1.24298,0,0,0,0,0,0
224,0.962149,1.24542,0,0,0,0,0,0
225,0.969475,1.25275,0,0,0,0,0,0
226,0.974359,1.26496,0,0,0,0,0,0
227,0.984127,1.2674,0,0,0,0,0,0
228,0.984127,1.25763,0,0,0,0,0,0
229,0.996337,1.27717,0,0,0,0,0,0
230,0.991453,1.27473,0,0,0,0,0,0
231,0.989011,1.26984,0,0,0,0,0,0
232,0.981685,1.26984,0,0,0,0,0,0
233,0.976801,1.24542,0,0,0,0,0,0
234,0.959707,1.28205,0,0,0,0,0,0
235,0.976801,1.27228,0,0,0,0,0,0
236,0.979243,1.26007,0,0,0,0,0,0
237,0.967033,1.25763,0,0,0,0,0,0
238,0.991453,1.26984,0,0,0,0,0,0
239,0.996337,1.26984,0,0,0,0,0,0
240,0.979243,1.27717,0,0,0,0,0,0
241,0.993895,1.26252,0,0,0,0,0,0
242,0.962149,1.26007,0,0,0,0,0,0
243,0.974359,1.24298,0,0,0,0,0,0
244,0.969475,1.2967,0,0,0,0,0,0
245,0.971917,1.30647,0,0,0,0,0,0
246,0.969475,1.27228,0,0,0,0,0,0
247,0.962149,1.24298,0,0,0,0,0,0
248,0.976801,1.34554,0,0,0,0,0,0
249,0.964591,1.29182,0,0,0,0,0,0
250,0.971917,1.34066,0,0,0,0,0,0
1,0.949939,1.26496,0,0,0,0,0,0
2,0.962149,1.27717,0,0,0,0,0,0
3,0.962149,1.28449,0,0,0,0,0,0
4,0.945055,1.28205,0,0,0,0,0,0
5,0.937729,1.29915,0,0,0,0,0,0
6,0.940171,1.28938,0,0,0,0,0,0
7,0.942613,1.2967,0,0,0,0,0,0
8,0.945055,1.27473,0,0,0,0,0,0
9,0.942613,1.30647,0,0,0,0,0,0
10,0.954823,1.31136,0,0,0,0,0,0
11,0.976801,1.27473,0,0,0,0,0,0
12,0.971917,1.32357,0,0,0,0,0,0
13,0.991453,1.31624,0,0,0,0,0,0
14,0.989011,1.32601,0,0,0,0,0,0
15,0.971917,1.31624,0,0,0,0,0,0
16,0.971917,1.29915,0,0,0,0,0,0
17,0.957265,1.32845,0,0,0,0,0,0
18,0.976801,1.31624,0,0,0,0,0,0
19,0.962149,1.31136,0,0,0,0,0,0
20,0.979243,1.3138,0,0,0,0,0,0
21,0.949939,1.29426,0,0,0,0,0,0
22,0.974359,1.32601,0,0,0,0,0,0
23,0.962149,1.28449,0,0,0,0,0,0
24,0.984127,1.36508,0,0,0,0,0,0
25,0.984127,1.31624,0,0,0,0,0,0
26,0.976801,1.32601,0,0,0,0,0,0
27,0.957265,1.32601,0,0,0,0,0,0
28,0.967033,1.33822,0,0,0,0,0,0
29,0.974359,1.33089,0,0,0,0,0,0
30,0.976801,1.33089,0,0,0,0,0,0
31,1.00122,1.33822,0,0,0,0,0,0
32,0.996337,1.40659,0,0,0,0,0,0
33,0.998779,1.38706,0,0,0,0,0,0
34,0.981685,1.33822,0,0,0,0,0,0
35,0.967033,1.40659,0,0,0,0,0,0
36,0.971917,1.35043,0,0,0,0,0,0
37,0.959707,1.33578,0,0,0,0,0,0
38,0.959707,1.33089,0,0,0,0,0,0
39,0.957265,1.32845,0,0,0,0,0,0
40,0.942613,1.3431,0,0,0,0,0,0
41,0.947497,1.34799,0,0,0,0,0,0
42,0.957265,1.33822,0,0,0,0,0,0
43,0.957265,1.35531,0,0,0,0,0,0
44,0.962149,1.32112,0,0,0,0,0,0
45,0.942613,1.35287,0,0,0,0,0,0
46,0.962149,1.35043,0,0,0,0,0,0
47,0.969475,1.3602,0,0,0,0,0,0
48,0.964591,1.33578,0,0,0,0,0,0
49,0.967033,1.33333,0,0,0,0,0,0
50,0.957265,1.36996,0,0,0,0,0,0
51,0.945055,1.34799,0,0,0,0,0,0
52,0.942613,1.3138,0,0,0,0,0,0
53,0.954823,1.36996,0,0,0,0,0,0
54,0.945055,1.35531,0,0,0,0,0,0
55,0.940171,1.40904,0,0,0,0,0,0
56,0.959707,1.34799,0,0,0,0,0,0
57,0.959707,1.33578,0,0,0,0,0,0
58,0.971917,1.34799,0,0,0,0,0,0
59,0.959707,1.34066,0,0,0,0,0,0
60,0.937729,1.33089,0,0,0,0,0,0
61,0.962149,1.35775,0,0,0,0,0,0
62,0.957265,1.37485,0,0,0,0,0,0
63,0.959707,1.35287,0,0,0,0,0,0
64,0.979243,1.35287,0,0,0,0,0,0
65,0.974359,1.36264,0,0,0,0,0,0
66,0.989011,1.37485,0,0,0,0,0,0
67,0.969475,1.33822,0,0,0,0,0,0
68,0.991453,1.35287,0,0,0,0,0,0
69,0.989011,1.34799,0,0,0,0,0,0
70,0.986569,1.3138,0,0,0,0,0,0
71,0.976801,1.2967,0,0,0,0,0,0
72,0.976801,1.40659,0,0,0,0,0,0
73,0.969475,1.3138,0,0,0,0,0,0
74,0.942613,1.33578,0,0,0,0,0,0
75,0.971917,1.34799,0,0,0,0,0,0
76,0.930403,1.32845,0,0,0,0,0,0
77,0.971917,1.40659,0,0,0,0,0,0
78,0.954823,1.35775,0,0,0,0,0,0
79,0.962149,1.39927,0,0,0,0,0,0
80,0.967033,1.36752,0,0,0,0,0,0
81,0.954823,1.40659,0,0,0,0,0,0
82,0.947497,1.35043,0,0,0,0,0,0
83,0.952381,1.37973,0,0,0,0,0,0
84,0.935287,1.36264,0,0,0,0,0,0
85,0.957265,1.35775,0,0,0,0,0,0
86,0.969475,1.41636,0,0,0,0,0,0
87,0.959707,1.37485,0,0,0,0,0,0
88,0.962149,1.36508,0,0,0,0,0,0
89,0.945055,1.3602,0,0,0,0,0,0
90,0.949939,1.33333,0,0,0,0,0,0
91,0.947497,1.33822,0,0,0,0,0,0
92,0.927961,1.34799,0,0,0,0,0,0
93,0.937729,1.35775,0,0,0,0,0,0
94,0.940171,1.38217,0,0,0,0,0,0
95,0.949939,1.36752,0,0,0,0,0,0
96,0.949939,1.37241,0,0,0,0,0,0
97,0.974359,1.37729,0,0,0,0,0,0
98,0.971917,1.3431,0,0,0,0,0,0
99,0.979243,1.37485,0,0,0,0,0,0
100,0.962149,1.33822,0,0,0,0,0,0
101,0.979243,1.38217,0,0,0,0,0,0
102,0.974359,1.39194,0,0,0,0,0,0
103,0.989011,1.37485,0,0,0,0,0,0
104,0.971917,1.37729,0,0,0,0,0,0
105,0.971917,1.37241,0,0,0,0,0,0
106,0.974359,1.37973,0,0,0,0,0,0
107,0.981685,1.38217,0,0,0,0,0,0
108,0.993895,1.38462,0,0,0,0,0,0
109,0.981685,1.3602,0,0,0,0,0,0
110,0.981685,1.35287,0,0,0,0,0,0
111,0.967033,1.36752,0,0,0,0,0,0
112,0.981685,1.39683,0,0,0,0,0,0
113,0.947497,1.40171,0,0,0,0,0,0
114,0.967033,1.38217,0,0,0,0,0,0
115,0.952381,1.37973,0,0,0,0,0,0
116,0.952381,1.37241,0,0,0,0,0,0
117,0.947497,1.38217,0,0,0,0,0,0
118,0.947497,1.39438,0,0,0,0,0,0
119,0.971917,1.40904,0,0,0,0,0,0
120,0.981685,1.41392,0,0,0,0,0,0
121,0.971917,1.40659,0,0,0,0,0,0
122,0.947497,1.45299,0,0,0,0,0,0
123,0.962149,1.40415,0,0,0,0,0,0
124,0.957265,1.4188,0,0,0,0,0,0
125,0.952381,1.40904,0,0,0,0,0,0
126,0.920635,1.39194,0,0,0,0,0,0
127,0.940171,1.3895,0,0,0,0,0,0
128,0.932845,1.39683,0,0,0,0,0,0
129,0.945055,1.40659,0,0,0,0,0,0
130,0.971917,1.42125,0,0,0,0,0,0
131,0.954823,1.41148,0,0,0,0,0,0
132,0.971917,1.40904,0,0,0,0,0,0
133,0.957265,1.41392,0,0,0,0,0,0
134,0.974359,1.39438,0,0,0,0,0,0
135,0.979243,1.41636,0,0,0,0,0,0
136,0.974359,1.42613,0,0,0,0,0,0
137,0.967033,1.4359,0,0,0,0,0,0
138,0.974359,1.46032,0,0,0,0,0,0
139,0.967033,1.41636,0,0,0,0,0,0
140,0.971917,1.42857,0,0,0,0,0,0
141,0.984127,1.4652,0,0,0,0,0,0
142,0.989011,1.45055,0,0,0,0,0,0
143,0.984127,1.43834,0,0,0,0,0,0
144,0.959707,1.4188,0,0,0,0,0,0
145,0.971917,1.43346,0,0,0,0,0,0
146,0.976801,1.47741,0,0,0,0,0,0
147,0.976801,1.4359,0,0,0,0,0,0
148,0.964591,1.42125,0,0,0,0,0,0
149,0.959707,1.45788,0,0,0,0,0,0
150,0.942613,1.44322,0,0,0,0,0,0
151,0.945055,1.4359,0,0,0,0,0,0
152,0.964591,1.45543,0,0,0,0,0,0
153,0.945055,1.44811,0,0,0,0,0,0
154,0.971917,1.46764,0,0,0,0,0,0
155,0.954823,1.50672,0,0,0,0,0,0
156,0.976801,1.46276,0,0,0,0,0,0
157,0.971917,1.48474,0,0,0,0,0,0
158,0.957265,1.47741,0,0,0,0,0,0
159,0.942613,1.47253,0,0,0,0,0,0
160,0.945055,1.46032,0,0,0,0,0,0
161,0.954823,1.47253,0,0,0,0,0,0
162,0.942613,1.45543,0,0,0,0,0,0
163,0.930403,1.47009,0,0,0,0,0,0
164,0.825397,1.47253,0,0,0,0,0,0
165,0.959707,1.46764,0,0,0,0,0,0
166,0.962149,1.47741,0,0,0,0,0,0
167,0.969475,1.47985,0,0,0,0,0,0
168,0.974359,1.47741,0,0,0,0,0,0
169,0.959707,1.47253,0,0,0,0,0,0
170,0.942613,1.48474,0,0,0,0,0,0
171,0.959707,1.48962,0,0,0,0,0,0
172,0.969475,1.45299,0,0,0,0,0,0
173,0.971917,1.50183,0,0,0,0,0,0
174,0.993895,1.50183,0,0,0,0,0,0
175,0.976801,1.49695,0,0,0,0,0,0
176,0.989011,1.49206,0,0,0,0,0,0
177,0.981685,1.49451,0,0,0,0,0,0
178,0.989011,1.49206,0,0,0,0,0,0
179,0.986569,1.53358,0,0,0,0,0,0
180,0.981685,1.45055,0,0,0,0,0,0
181,0.932845,1.48962,0,0,0,0,0,0
182,0.920635,1.558,0,0,0,0,0,0
183,0.959707,1.48962,0,0,0,0,0,0
184,0.947497,1.50183,0,0,0,0,0,0
185,0.969475,1.50427,0,0,0,0,0,0
186,0.954823,1.5116,0,0,0,0,0,0
187,0.964591,1.48962,0,0,0,0,0,0
188,0.942613,1.52137,0,0,0,0,0,0
189,0.967033,1.49451,0,0,0,0,0,0
190,0.959707,1.52381,0,0,0,0,0,0
191,0.962149,1.52381,0,0,0,0,0,0
192,0.954823,1.52625,0,0,0,0,0,0
193,0.949939,1.52869,0,0,0,0,0,0
194,0.945055,1.5116,0,0,0,0,0,0
195,0.920635,1.49451,0,0,0,0,0,0
196,0.971917,1.51404,0,0,0,0,0,0
197,0.959707,1.50427,0,0,0,0,0,0
198,0.974359,1.49206,0,0,0,0,0,0
199,0.947497,1.50916,0,0,0,0,0,0
200,0.969475,1.56777,0,0,0,0,0,0
201,0.969475,1.52381,0,0,0,0,0,0
202,0.971917,1.57998,0,0,0,0,0,0
203,0.959707,1.49939,0,0,0,0,0,0
204,0.954823,1.52869,0,0,0,0,0,0
205,0.967033,1.50916,0,0,0,0,0,0
206,0.971917,1.50427,0,0,0,0,0,0
207,1.00366,1.50427,0,0,0,0,0,0
208,0.969475,1.49939,0,0,0,0,0,0
209,0.998779,1.54579,0,0,0,0,0,0
210,0.967033,1.53846,0,0,0,0,0,0
211,0.959707,1.52137,0,0,0,0,0,0
212,1.00855,1.53846,0,0,0,0,0,0
213,0.964591,1.51648,0,0,0,0,0,0
214,0.949939,1.53114,0,0,0,0,0,0
215,0.947497,1.51893,0,0,0,0,0,0
216,0.942613,1.53602,0,0,0,0,0,0
217,0.932845,1.51404,0,0,0,0,0,0
218,0.949939,1.51893,0,0,0,0,0,0
219,0.949939,1.54579,0,0,0,0,0,0
220,0.957265,1.51893,0,0,0,0,0,0
221,0.942613,1.51893,0,0,0,0,0,0
222,0.959707,1.53602,0,0,0,0,0,0
223,0.952381,1.53358,0,0,0,0,0,0
224,0.935287,1.51648,0,0,0,0,0,0
225,0.962149,1.54823,0,0,0,0,0,0
226,0.952381,1.57265,0,0,0,0,0,0
227,0.971917,1.54823,0,0,0,0,0,0
228,0.967033,1.53846,0,0,0,0,0,0
229,0.981685,1.54823,0,0,0,0,0,0
230,0.976801,1.56288,0,0,0,0,0,0
231,0.989011,1.54823,0,0,0,0,0,0
232,0.964591,1.59219,0,0,0,0,0,0
233,0.981685,1.56044,0,0,0,0,0,0
234,0.986569,1.54579,0,0,0,0,0,0
235,0.967033,1.52137,0,0,0,0,0,0
236,0.962149,1.53114,0,0,0,0,0,0
237,0.971917,1.56288,0,0,0,0,0,0
238,0.976801,1.54823,0,0,0,0,0,0
239,0.947497,1.55067,0,0,0,0,0,0
240,0.959707,1.5873,0,0,0,0,0,0
241,0.964591,1.57265,0,0,0,0,0,0
242,0.979243,1.55067,0,0,0,0,0,0
243,0.957265,1.57021,0,0,0,0,0,0
244,0.993895,1.58486,0,0,0,0,0,0
245,0.981685,1.57998,0,0,0,0,0,0
246,0.967033,1.56777,0,0,0,0,0,0
247,0.952381,1.56777,0,0,0,0,0,0
248,0.947497,1.63858,0,0,0,0,0,0
249,0.962149,1.57265,0,0,0,0,0,0
250,0.945055,1.56288,0,0,0,0,0,0
1,0.959707,1.56777,0,0,0,0,0,0
2,0.954823,1.56288,0,0,0,0,0,0
3,0.932845,1.56288,0,0,0,0,0,0
4,0.940171,1.56532,0,0,0,0,0,0
5,0.976801,1.6337,0,0,0,0,0,0
6,0.967033,1.58486,0,0,0,0,0,0
7,0.967033,1.57753,0,0,0,0,0,0
8,0.969475,1.57021,0,0,0,0,0,0
9,0.957265,1.56288,0,0,0,0,0,0
10,0.954823,1.59463,0,0,0,0,0,0
11,0.979243,1.56288,0,0,0,0,0,0
12,0.993895,1.61416,0,0,0,0,0,0
13,0.991453,1.64347,0,0,0,0,0,0
14,0.991453,1.58486,0,0,0,0,0,0
15,0.976801,1.6044,0,0,0,0,0,0
16,0.986569,1.6044,0,0,0,0,0,0
17,0.989011,1.60928,0,0,0,0,0,0
18,0.981685,1.5873,0,0,0,0,0,0
19,0.967033,1.56777,0,0,0,0,0,0
20,0.957265,1.60684,0,0,0,0,0,0
21,0.957265,1.59463,0,0,0,0,0,0
22,0.949939,1.58242,0,0,0,0,0,0
23,0.984127,1.59707,0,0,0,0,0,0
24,0.979243,1.59219,0,0,0,0,0,0
25,0.991453,1.60928,0,0,0,0,0,0
26,0.976801,1.56044,0,0,0,0,0,0
27,0.986569,1.64347,0,0,0,0,0,0
28,0.964591,1.57998,0,0,0,0,0,0
29,0.981685,1.63126,0,0,0,0,0,0
30,0.974359,1.60684,0,0,0,0,0,0
31,0.957265,1.64103,0,0,0,0,0,0
32,0.971917,1.58242,0,0,0,0,0,0
33,0.959707,1.61661,0,0,0,0,0,0
34,0.969475,1.61905,0,0,0,0,0,0
35,0.964591,1.67766,0,0,0,0,0,0
36,0.974359,1.61416,0,0,0,0,0,0
37,0.959707,1.61661,0,0,0,0,0,0
38,0.947497,1.60684,0,0,0,0,0,0
39,0.945055,1.5873,0,0,0,0,0,0
40,0.949939,1.62149,0,0,0,0,0,0
41,0.945055,1.61172,0,0,0,0,0,0
42,0.945055,1.62149,0,0,0,0,0,0
43,0.942613,1.62882,0,0,0,0,0,0
44,0.942613,1.62637,0,0,0,0,0,0
45,0.969475,1.63126,0,0,0,0,0,0
46,0.945055,1.64103,0,0,0,0,0,0
47,0.981685,1.64835,0,0,0,0,0,0
48,0.971917,1.64835,0,0,0,0,0,0
49,0.993895,1.6337,0,0,0,0,0,0
50,0.989011,1.64347,0,0,0,0,0,0
51,0.976801,1.60684,0,0,0,0,0,0
52,0.954823,1.64103,0,0,0,0,0,0
53,0.971917,1.66545,0,0,0,0,0,0
54,0.984127,1.64347,0,0,0,0,0,0
55,0.976801,1.61172,0,0,0,0,0,0
56,0.967033,1.63614,0,0,0,0,0,0
57,0.971917,1.69231,0,0,0,0,0,0
58,0.981685,1.65812,0,0,0,0,0,0
59,0.971917,1.64591,0,0,0,0,0,0
60,0.996337,1.64103,0,0,0,0,0,0
61,0.935287,1.64103,0,0,0,0,0,0
62,0.991453,1.63858,0,0,0,0,0,0
63,0.952381,1.6337,0,0,0,0,0,0
64,0.942613,1.66056,0,0,0,0,0,0
65,0.998779,1.64591,0,0,0,0,0,0
66,0.967033,1.67033,0,0,0,0,0,0
67,0.981685,1.66545,0,0,0,0,0,0
68,0.971917,1.64347,0,0,0,0,0,0
69,0.971917,1.65568,0,0,0,0,0,0
70,0.957265,1.66789,0,0,0,0,0,0
71,0.971917,1.66789,0,0,0,0,0,0
72,0.969475,1.65812,0,0,0,0,0,0
73,0.954823,1.65324,0,0,0,0,0,0
74,0.937729,1.64835,0,0,0,0,0,0
75,0.932845,1.67521,0,0,0,0,0,0
76,0.932845,1.66545,0,0,0,0,0,0
77,0.952381,1.66056,0,0,0,0,0,0
78,0.974359,1.68254,0,0,0,0,0,0
79,0.974359,1.66545,0,0,0,0,0,0
80,0.971917,1.663,0,0,0,0,0,0
81,0.967033,1.66545,0,0,0,0,0,0
82,0.989011,1.6801,0,0,0,0,0,0
83,0.989011,1.68742,0,0,0,0,0,0
84,0.991453,1.6801,0,0,0,0,0,0
85,0.981685,1.67033,0,0,0,0,0,0
86,0.967033,1.73626,0,0,0,0,0,0
87,0.976801,1.6801,0,0,0,0,0,0
88,0.967033,1.66056,0,0,0,0,0,0
89,0.996337,1.72161,0,0,0,0,0,0
90,0.986569,1.67033,0,0,0,0,0,0
91,0.996337,1.663,0,0,0,0,0,0
92,0.949939,1.66545,0,0,0,0,0,0
93,0.949939,1.68254,0,0,0,0,0,0
94,0.954823,1.69719,0,0,0,0,0,0
95,0.954823,1.68498,0,0,0,0,0,0
96,0.962149,1.68498,0,0,0,0,0,0
97,0.957265,1.69231,0,0,0,0,0,0
98,0.947497,1.72894,0,0,0,0,0,0
99,0.937729,1.67033,0,0,0,0,0,0
100,0.964591,1.68742,0,0,0,0,0,0
101,0.957265,1.69719,0,0,0,0,0,0
102,0.957265,1.68987,0,0,0,0,0,0
103,0.976801,1.70452,0,0,0,0,0,0
104,0.954823,1.67277,0,0,0,0,0,0
105,0.959707,1.69719,0,0,0,0,0,0
106,0.967033,1.67521,0,0,0,0,0,0
107,0.932845,1.67521,0,0,0,0,0,0
108,0.957265,1.70452,0,0,0,0,0,0
109,0.964591,1.67521,0,0,0,0,0,0
110,0.959707,1.663,0,0,0,0,0,0
111,0.954823,1.68498,0,0,0,0,0,0
112,0.971917,1.73382,0,0,0,0,0,0
113,0.981685,1.69475,0,0,0,0,0,0
114,0.957265,1.70452,0,0,0,0,0,0
115,0.981685,1.69963,0,0,0,0,0,0
116,0.984127,1.74847,0,0,0,0,0,0
117,0.979243,1.7265,0,0,0,0,0,0
118,0.967033,1.69475,0,0,0,0,0,0
119,0.981685,1.71917,0,0,0,0,0,0
120,0.989011,1.7094,0,0,0,0,0,0
121,0.996337,1.7094,0,0,0,0,0,0
122,0.971917,1.67277,0,0,0,0,0,0
123,0.959707,1.70452,0,0,0,0,0,0
124,0.981685,1.73138,0,0,0,0,0,0
125,0.959707,1.71917,0,0,0,0,0,0
126,0.976801,1.69231,0,0,0,0,0,0
127,0.967033,1.70208,0,0,0,0,0,0
128,0.949939,1.6801,0,0,0,0,0,0
129,0.937729,1.75336,0,0,0,0,0,0
130,0.942613,1.72894,0,0,0,0,0,0
131,0.947497,1.69475,0,0,0,0,0,0
132,0.957265,1.71673,0,0,0,0,0,0
133,0.969475,1.72161,0,0,0,0,0,0
134,0.964591,1.70696,0,0,0,0,0,0
135,0.962149,1.73871,0,0,0,0,0,0
136,0.952381,1.7265,0,0,0,0,0,0
137,0.969475,1.75092,0,0,0,0,0,0
138,0.971917,1.75092,0,0,0,0,0,0
139,0.964591,1.73871,0,0,0,0,0,0
140,0.942613,1.69963,0,0,0,0,0,0
141,0.930403,1.75824,0,0,0,0,0,0
142,0.952381,1.74603,0,0,0,0,0,0
143,0.971917,1.73382,0,0,0,0,0,0
144,0.976801,1.73871,0,0,0,0,0,0
145,0.967033,1.73871,0,0,0,0,0,0
146,0.954823,1.73626,0,0,0,0,0,0
147,0.947497,1.74603,0,0,0,0,0,0
148,0.969475,1.73138,0,0,0,0,0,0
149,0.979243,1.71184,0,0,0,0,0,0
150,0.971917,1.71429,0,0,0,0,0,0
151,0.962149,1.7851,0,0,0,0,0,0
152,0.964591,1.7558,0,0,0,0,0,0
153,0.952381,1.79243,0,0,0,0,0,0
154,0.964591,1.79243,0,0,0,0,0,0
155,0.996337,1.76313,0,0,0,0,0,0
156,1.00366,1.77778,0,0,0,0,0,0
157,1.00366,1.81685,0,0,0,0,0,0
158,0.984127,1.75824,0,0,0,0,0,0
159,0.964591,1.79731,0,0,0,0,0,0
160,0.964591,1.75824,0,0,0,0,0,0
161,0.954823,1.74603,0,0,0,0,0,0
162,0.959707,1.77289,0,0,0,0,0,0
163,0.952381,1.74603,0,0,0,0,0,0
164,0.940171,1.74115,0,0,0,0,0,0
165,0.959707,1.75824,0,0,0,0,0,0
166,0.947497,1.75336,0,0,0,0,0,0
167,0.964591,1.75092,0,0,0,0,0,0
168,0.964591,1.78022,0,0,0,0,0,0
169,0.945055,1.76801,0,0,0,0,0,0
170,0.964591,1.75824,0,0,0,0,0,0
171,0.959707,1.75092,0,0,0,0,0,0
172,0.954823,1.76068,0,0,0,0,0,0
173,0.954823,1.77778,0,0,0,0,0,0
174,1.00855,1.85836,0,0,0,0,0,0
175,0.959707,1.77289,0,0,0,0,0,0
176,0.954823,1.74847,0,0,0,0,0,0
177,0.757021,1.80464,0,0,0,0,0,0
178,0.954823,1.76557,0,0,0,0,0,0
179,0.964591,1.78266,0,0,0,0,0,0
180,0.925519,1.78755,0,0,0,0,0,0
181,0.959707,1.78755,0,0,0,0,0,0
182,0.962149,1.77778,0,0,0,0,0,0
183,0.945055,1.77045,0,0,0,0,0,0
184,0.957265,1.76313,0,0,0,0,0,0
185,0.952381,1.81197,0,0,0,0,0,0
186,0.959707,1.7851,0,0,0,0,0,0
187,0.957265,1.77778,0,0,0,0,0,0
188,0.979243,1.78999,0,0,0,0,0,0
189,0.962149,1.7851,0,0,0,0,0,0
190,0.986569,1.79976,0,0,0,0,0,0
191,0.989011,1.78999,0,0,0,0,0,0
192,0.993895,1.80952,0,0,0,0,0,0
193,0.996337,1.81929,0,0,0,0,0,0
194,0.991453,1.8022,0,0,0,0,0,0
195,0.969475,1.80708,0,0,0,0,0,0
196,0.971917,1.81685,0,0,0,0,0,0
197,0.942613,1.79976,0,0,0,0,0,0
198,0.964591,1.78999,0,0,0,0,0,0
199,0.967033,1.77534,0,0,0,0,0,0
200,0.964591,1.77534,0,0,0,0,0,0
201,0.940171,1.77778,0,0,0,0,0,0
202,0.947497,1.79243,0,0,0,0,0,0
203,0.964591,1.78755,0,0,0,0,0,0
204,0.969475,1.86081,0,0,0,0,0,0
205,0.957265,1.80708,0,0,0,0,0,0
206,0.945055,1.8022,0,0,0,0,0,0
207,0.945055,1.86813,0,0,0,0,0,0
208,0.947497,1.81929,0,0,0,0,0,0
209,0.942613,1.8315,0,0,0,0,0,0
210,0.971917,1.80708,0,0,0,0,0,0
211,0.962149,1.82906,0,0,0,0,0,0
212,0.949939,1.83883,0,0,0,0,0,0
213,0.949939,1.80708,0,0,0,0,0,0
214,0.942613,1.85348,0,0,0,0,0,0
215,0.925519,1.84127,0,0,0,0,0,0
216,0.954823,1.81685,0,0,0,0,0,0
217,0.954823,1.81441,0,0,0,0,0,0
218,0.942613,1.82662,0,0,0,0,0,0
219,0.937729,1.80708,0,0,0,0,0,0
220,0.940171,1.85836,0,0,0,0,0,0
221,0.967033,1.81685,0,0,0,0,0,0
222,1.02808,1.80952,0,0,0,0,0,0
223,0.976801,1.82906,0,0,0,0,0,0
224,0.967033,1.82173,0,0,0,0,0,0
225,0.967033,1.84127,0,0,0,0,0,0
226,0.976801,1.81685,0,0,0,0,0,0
227,0.979243,1.85348,0,0,0,0,0,0
228,0.976801,1.85592,0,0,0,0,0,0
229,0.986569,1.84615,0,0,0,0,0,0
230,0.993895,1.83394,0,0,0,0,0,0
231,0.971917,1.82173,0,0,0,0,0,0
232,0.996337,1.87057,0,0,0,0,0,0
233,0.971917,1.8315,0,0,0,0,0,0
234,0.984127,1.85348,0,0,0,0,0,0
235,0.952381,1.85104,0,0,0,0,0,0
236,0.964591,1.84127,0,0,0,0,0,0
237,0.957265,1.82906,0,0,0,0,0,0
238,0.949939,1.86081,0,0,0,0,0,0
239,0.937729,1.84371,0,0,0,0,0,0
240,0.942613,1.90232,0,0,0,0,0,0
241,0.940171,1.83394,0,0,0,0,0,0
242,0.940171,1.82173,0,0,0,0,0,0
243,0.959707,1.89499,0,0,0,0,0,0
244,0.942613,1.84615,0,0,0,0,0,0
245,0.952381,1.85592,0,0,0,0,0,0
246,0.954823,1.87302,0,0,0,0,0,0
247,0.967033,1.85836,0,0,0,0,0,0
248,0.964591,1.84371,0,0,0,0,0,0
249,0.952381,1.88034,0,0,0,0,0,0
250,0.942613,1.84371,0,0,0,0,0,0
1,0.927961,1.87302,0,0,0,0,0,0
2,0.935287,1.89499,0,0,0,0,0,0
3,0.935287,1.8486,0,0,0,0,0,0
4,0.947497,1.85348,0,0,0,0,0,0
5,0.940171,1.84127,0,0,0,0,0,0
6,0.949939,1.84615,0,0,0,0,0,0
7,0.942613,1.85836,0,0,0,0,0,0
8,0.969475,1.86081,0,0,0,0,0,0
9,0.969475,1.89255,0,0,0,0,0,0
10,0.957265,1.8486,0,0,0,0,0,0
11,0.949939,1.86813,0,0,0,0,0,0
12,0.962149,1.86569,0,0,0,0,0,0
13,0.971917,1.85836,0,0,0,0,0,0
14,0.959707,1.90965,0,0,0,0,0,0
15,0.986569,1.86813,0,0,0,0,0,0
16,0.969475,1.87546,0,0,0,0,0,0
17,0.991453,1.85592,0,0,0,0,0,0
18,0.971917,1.88034,0,0,0,0,0,0
19,0.986569,1.86813,0,0,0,0,0,0
20,0.989011,1.87302,0,0,0,0,0,0
21,0.976801,1.85592,0,0,0,0,0,0
22,0.971917,1.84127,0,0,0,0,0,0
23,0.940171,1.87302,0,0,0,0,0,0
24,0.954823,1.84127,0,0,0,0,0,0
25,0.957265,1.8779,0,0,0,0,0,0
26,0.962149,1.87057,0,0,0,0,0,0
27,0.947497,1.86325,0,0,0,0,0,0
28,0.947497,1.87057,0,0,0,0,0,0
29,0.947497,1.89255,0,0,0,0,0,0
30,0.901099,1.85836,0,0,0,0,0,0
31,0.967033,1.85348,0,0,0,0,0,0
32,0.964591,1.87302,0,0,0,0,0,0
33,0.959707,1.89011,0,0,0,0,0,0
34,0.949939,1.88278,0,0,0,0,0,0
35,0.949939,1.86081,0,0,0,0,0,0
36,0.940171,1.9243,0,0,0,0,0,0
37,0.959707,1.90232,0,0,0,0,0,0
38,0.947497,1.88278,0,0,0,0,0,0
39,0.947497,1.87302,0,0,0,0,0,0
40,0.923077,1.86569,0,0,0,0,0,0
41,0.942613,1.89011,0,0,0,0,0,0
42,0.940171,1.86325,0,0,0,0,0,0
43,0.942613,1.85592,0,0,0,0,0,0
44,0.930403,1.88767,0,0,0,0,0,0
45,0.932845,1.9072,0,0,0,0,0,0
46,0.937729,1.89011,0,0,0,0,0,0
47,0.935287,1.90476,0,0,0,0,0,0
48,0.967033,1.90476,0,0,0,0,0,0
49,0.952381,1.90476,0,0,0,0,0,0
50,0.976801,1.92918,0,0,0,0,0,0
51,0.957265,1.90232,0,0,0,0,0,0
52,0.981685,1.91209,0,0,0,0,0,0
53,0.974359,1.90965,0,0,0,0,0,0
54,0.957265,1.92186,0,0,0,0,0,0
55,0.967033,1.90232,0,0,0,0,0,0
56,0.979243,1.91941,0,0,0,0,0,0
57,0.957265,1.9072,0,0,0,0,0,0
58,0.945055,1.86813,0,0,0,0,0,0
59,0.974359,1.9072,0,0,0,0,0,0
60,0.962149,1.91697,0,0,0,0,0,0
61,0.959707,1.90232,0,0,0,0,0,0
62,0.942613,1.92918,0,0,0,0,0,0
63,0.959707,1.9243,0,0,0,0,0,0
64,0.952381,1.92918,0,0,0,0,0,0
65,0.945055,1.92674,0,0,0,0,0,0
66,0.932845,1.9243,0,0,0,0,0,0
67,0.935287,1.93162,0,0,0,0,0,0
68,0.925519,1.93162,0,0,0,0,0,0
69,0.942613,1.94139,0,0,0,0,0,0
70,0.957265,1.94872,0,0,0,0,0,0
71,0.937729,1.9536,0,0,0,0,0,0
72,0.947497,1.9536,0,0,0,0,0,0
73,0.935287,1.9536,0,0,0,0,0,0
74,0.954823,1.94383,0,0,0,0,0,0
75,0.967033,1.90965,0,0,0,0,0,0
76,0.949939,1.92674,0,0,0,0,0,0
77,0.932845,1.89744,0,0,0,0,0,0
78,0.930403,1.92918,0,0,0,0,0,0
79,0.935287,1.93407,0,0,0,0,0,0
80,0.942613,1.94628,0,0,0,0,0,0
81,0.962149,1.94872,0,0,0,0,0,0
82,0.949939,1.96337,0,0,0,0,0,0
83,0.964591,1.94628,0,0,0,0,0,0
84,0.952381,1.95849,0,0,0,0,0,0
85,0.969475,1.94872,0,0,0,0,0,0
86,0.979243,1.93651,0,0,0,0,0,0
87,0.976801,2.01709,0,0,0,0,0,0
88,0.962149,1.9707,0,0,0,0,0,0
89,0.969475,1.99512,0,0,0,0,0,0
90,0.971917,1.96337,0,0,0,0,0,0
91,0.942613,2.02198,0,0,0,0,0,0
92,0.947497,1.97802,0,0,0,0,0,0
93,0.949939,1.98046,0,0,0,0,0,0
94,0.957265,2.01954,0,0,0,0,0,0
95,0.925519,2.00977,0,0,0,0,0,0
96,0.942613,1.96581,0,0,0,0,0,0
97,0.940171,1.96825,0,0,0,0,0,0
98,0.937729,1.97802,0,0,0,0,0,0
99,0.945055,1.97558,0,0,0,0,0,0
100,0.942613,1.97802,0,0,0,0,0,0
101,0.945055,2.01954,0,0,0,0,0,0
102,0.935287,1.98291,0,0,0,0,0,0
103,0.932845,1.99756,0,0,0,0,0,0
104,0.942613,2.00488,0,0,0,0,0,0
105,0.949939,2.00244,0,0,0,0,0,0
106,0.940171,2.04151,0,0,0,0,0,0
107,0.959707,1.97802,0,0,0,0,0,0
108,0.947497,1.99756,0,0,0,0,0,0
109,0.942613,1.99267,0,0,0,0,0,0
110,0.930403,1.99756,0,0,0,0,0,0
111,0.923077,2.00244,0,0,0,0,0,0
112,0.923077,1.96337,0,0,0,0,0,0
113,0.930403,1.98779,0,0,0,0,0,0
114,0.935287,2.00244,0,0,0,0,0,0
115,0.932845,2.00244,0,0,0,0,0,0
116,0.954823,1.97558,0,0,0,0,0,0
117,0.957265,2.01465,0,0,0,0,0,0
118,0.962149,2.01465,0,0,0,0,0,0
119,0.962149,2.01465,0,0,0,0,0,0
120,0.957265,1.99267,0,0,0,0,0,0
121,0.952381,1.99023,0,0,0,0,0,0
122,0.945055,2.03175,0,0,0,0,0,0
123,0.969475,2.03663,0,0,0,0,0,0
124,0.979243,2.01221,0,0,0,0,0,0
125,0.981685,2.01465,0,0,0,0,0,0
126,0.984127,1.99756,0,0,0,0,0,0
127,0.954823,2.0293,0,0,0,0,0,0
128,0.927961,2.07326,0,0,0,0,0,0
129,0.967033,2.01709,0,0,0,0,0,0
130,0.957265,2.00488,0,0,0,0,0,0
131,0.937729,2.00488,0,0,0,0,0,0
132,0.927961,2.01221,0,0,0,0,0,0
133,0.920635,2.02198,0,0,0,0,0,0
134,0.940171,2,0,0,0,0,0,0
135,0.930403,2.06105,0,0,0,0,0,0
136,0.947497,2.02686,0,0,0,0,0,0
137,0.945055,2.00977,0,0,0,0,0,0
138,0.942613,2.03419,0,0,0,0,0,0
139,0.925519,2.04884,0,0,0,0,0,0
140,0.947497,2.01954,0,0,0,0,0,0
141,0.945055,2.02198,0,0,0,0,0,0
142,0.949939,2.02686,0,0,0,0,0,0
143,0.937729,2.03175,0,0,0,0,0,0
144,0.927961,2.02686,0,0,0,0,0,0
145,0.942613,2.04884,0,0,0,0,0,0
146,0.940171,2.05372,0,0,0,0,0,0
147,0.969475,2.04396,0,0,0,0,0,0
148,0.940171,2.05128,0,0,0,0,0,0
149,0.957265,2.04396,0,0,0,0,0,0
150,0.893773,2.02442,0,0,0,0,0,0
151,0.949939,2.03419,0,0,0,0,0,0
152,0.962149,2.01465,0,0,0,0,0,0
153,0.989011,2.01954,0,0,0,0,0,0
154,0.947497,2.02442,0,0,0,0,0,0
155,0.949939,2.05617,0,0,0,0,0,0
156,0.942613,2.04151,0,0,0,0,0,0
157,0.952381,2.05861,0,0,0,0,0,0
158,0.976801,2.07326,0,0,0,0,0,0
159,0.964591,2.05861,0,0,0,0,0,0
160,0.986569,2.06593,0,0,0,0,0,0
161,0.971917,2.07326,0,0,0,0,0,0
162,0.971917,2.0464,0,0,0,0,0,0
163,0.971917,2.0757,0,0,0,0,0,0
164,0.979243,2.06349,0,0,0,0,0,0
165,0.954823,2.0757,0,0,0,0,0,0
166,0.832723,2.0757,0,0,0,0,0,0
167,0.932845,2.06349,0,0,0,0,0,0
168,0.930403,2.08059,0,0,0,0,0,0
169,0.945055,2.07082,0,0,0,0,0,0
170,0.935287,2.0928,0,0,0,0,0,0
171,0.959707,2.07814,0,0,0,0,0,0
172,0.937729,2.08303,0,0,0,0,0,0
173,0.952381,2.07814,0,0,0,0,0,0
174,0.942613,2.08059,0,0,0,0,0,0
175,0.940171,2.10256,0,0,0,0,0,0
176,0.930403,2.09035,0,0,0,0,0,0
177,0.947497,2.0928,0,0,0,0,0,0
178,0.932845,2.13187,0,0,0,0,0,0
179,0.947497,2.07082,0,0,0,0,0,0
180,0.954823,2.09524,0,0,0,0,0,0
181,0.930403,2.07814,0,0,0,0,0,0
182,0.952381,2.09768,0,0,0,0,0,0
183,0.947497,2.11233,0,0,0,0,0,0
184,0.952381,2.07814,0,0,0,0,0,0
185,0.945055,2.0928,0,0,0,0,0,0
186,0.930403,2.0757,0,0,0,0,0,0
187,0.915751,2.09524,0,0,0,0,0,0
188,0.920635,2.11233,0,0,0,0,0,0
189,0.923077,2.09524,0,0,0,0,0,0
190,0.927961,2.10745,0,0,0,0,0,0
191,0.930403,2.0757,0,0,0,0,0,0
192,0.942613,2.11477,0,0,0,0,0,0
193,0.937729,2.12698,0,0,0,0,0,0
194,0.937729,2.10745,0,0,0,0,0,0
195,0.976801,2.11233,0,0,0,0,0,0
196,0.962149,2.12943,0,0,0,0,0,0
197,0.967033,2.13187,0,0,0,0,0,0
198,0.954823,2.11966,0,0,0,0,0,0
199,0.949939,2.12698,0,0,0,0,0,0
200,0.952381,2.12454,0,0,0,0,0,0
201,0.959707,2.11966,0,0,0,0,0,0
202,0.962149,2.1221,0,0,0,0,0,0
203,0.954823,2.07326,0,0,0,0,0,0
204,0.962149,2.11722,0,0,0,0,0,0
205,0.788767,2.11966,0,0,0,0,0,0
206,0.962149,2.13431,0,0,0,0,0,0
207,0.969475,2.12698,0,0,0,0,0,0
208,0.964591,2.14408,0,0,0,0,0,0
209,0.957265,2.11233,0,0,0,0,0,0
210,0.957265,2.14164,0,0,0,0,0,0
211,0.957265,2.14896,0,0,0,0,0,0
212,0.969475,2.16361,0,0,0,0,0,0
213,0.971917,2.15385,0,0,0,0,0,0
214,0.947497,2.11966,0,0,0,0,0,0
215,0.959707,2.15629,0,0,0,0,0,0
216,0.949939,2.11722,0,0,0,0,0,0
217,0.967033,2.16117,0,0,0,0,0,0
218,0.979243,2.1514,0,0,0,0,0,0
219,0.952381,2.15629,0,0,0,0,0,0
220,0.940171,2.14408,0,0,0,0,0,0
221,0.925519,2.17338,0,0,0,0,0,0
222,0.927961,2.14652,0,0,0,0,0,0
223,0.920635,2.11722,0,0,0,0,0,0
224,0.945055,2.16606,0,0,0,0,0,0
225,0.940171,2.17094,0,0,0,0,0,0
226,0.932845,2.14652,0,0,0,0,0,0
227,0.949939,2.13187,0,0,0,0,0,0
228,0.898657,2.1514,0,0,0,0,0,0
229,0.927961,2.18315,0,0,0,0,0,0
230,0.918193,2.1685,0,0,0,0,0,0
231,0.949939,2.22466,0,0,0,0,0,0
232,0.949939,2.23687,0,0,0,0,0,0
233,0.954823,2.17827,0,0,0,0,0,0
234,0.976801,2.17582,0,0,0,0,0,0
235,0.981685,2.18315,0,0,0,0,0,0
236,0.957265,2.19536,0,0,0,0,0,0
237,0.974359,2.1514,0,0,0,0,0,0
238,0.942613,2.18559,0,0,0,0,0,0
239,0.976801,2.18559,0,0,0,0,0,0
240,0.976801,2.22222,0,0,0,0,0,0
241,0.959707,2.15629,0,0,0,0,0,0
242,0.952381,2.18315,0,0,0,0,0,0
243,0.957265,2.20757,0,0,0,0,0,0
244,0.947497,2.19048,0,0,0,0,0,0
245,0.927961,2.20757,0,0,0,0,0,0
246,0.947497,2.19536,0,0,0,0,0,0
247,0.959707,2.20269,0,0,0,0,0,0
248,0.959707,2.19048,0,0,0,0,0,0
249,0.947497,2.19536,0,0,0,0,0,0
250,0.964591,2.17094,0,0,0,0,0,0
1,0.976801,2.17582,0,0,0,0,0,0
2,0.971917,2.22466,0,0,0,0,0,0
3,0.952381,2.20757,0,0,0,0,0,0
4,0.967033,2.21245,0,0,0,0,0,0
5,0.947497,2.20024,0,0,0,0,0,0
6,0.940171,2.19292,0,0,0,0,0,0
7,0.947497,2.20024,0,0,0,0,0,0
8,0.949939,2.20757,0,0,0,0,0,0
9,0.942613,2.19048,0,0,0,0,0,0
10,0.925519,2.15873,0,0,0,0,0,0
11,0.947497,2.20757,0,0,0,0,0,0
12,0.949939,2.26618,0,0,0,0,0,0
13,0.945055,2.20757,0,0,0,0,0,0
14,0.935287,2.1978,0,0,0,0,0,0
15,0.930403,2.24664,0,0,0,0,0,0
16,0.932845,2.20269,0,0,0,0,0,0
17,0.918193,2.20269,0,0,0,0,0,0
18,0.957265,2.23443,0,0,0,0,0,0
19,0.986569,2.23932,0,0,0,0,0,0
20,0.969475,2.23199,0,0,0,0,0,0
21,0.979243,2.23443,0,0,0,0,0,0
22,0.967033,2.23199,0,0,0,0,0,0
23,0.976801,2.24176,0,0,0,0,0,0
24,0.967033,2.22711,0,0,0,0,0,0
25,0.954823,2.21978,0,0,0,0,0,0
26,0.957265,2.22711,0,0,0,0,0,0
27,0.945055,2.22222,0,0,0,0,0,0
28,0.940171,2.20513,0,0,0,0,0,0
29,0.967033,2.26862,0,0,0,0,0,0
30,0.964591,2.24176,0,0,0,0,0,0
31,0.976801,2.2149,0,0,0,0,0,0
32,0.942613,2.23443,0,0,0,0,0,0
33,0.974359,2.23932,0,0,0,0,0,0
34,0.981685,2.24664,0,0,0,0,0,0
35,0.976801,2.23932,0,0,0,0,0,0
36,0.962149,2.24664,0,0,0,0,0,0
37,0.962149,2.27595,0,0,0,0,0,0
38,0.952381,2.30525,0,0,0,0,0,0
39,0.974359,2.2442,0,0,0,0,0,0
40,0.962149,2.26374,0,0,0,0,0,0
41,0.959707,2.22955,0,0,0,0,0,0
42,0.971917,2.25885,0,0,0,0,0,0
43,0.949939,2.26374,0,0,0,0,0,0
44,0.954823,2.24908,0,0,0,0,0,0
45,0.949939,2.25153,0,0,0,0,0,0
46,0.937729,2.24176,0,0,0,0,0,0
47,0.923077,2.24176,0,0,0,0,0,0
48,0.927961,2.31746,0,0,0,0,0,0
49,0.947497,2.24176,0,0,0,0,0,0
50,0.935287,2.26129,0,0,0,0,0,0
51,0.954823,2.26618,0,0,0,0,0,0
52,0.937729,2.27106,0,0,0,0,0,0
53,0.949939,2.24908,0,0,0,0,0,0
54,0.930403,2.27839,0,0,0,0,0,0
55,0.959707,2.31258,0,0,0,0,0,0
56,0.969475,2.29548,0,0,0,0,0,0
57,0.962149,2.25153,0,0,0,0,0,0
58,0.942613,2.27106,0,0,0,0,0,0
59,0.927961,2.28327,0,0,0,0,0,0
60,0.952381,2.25641,0,0,0,0,0,0
61,0.959707,2.29304,0,0,0,0,0,0
62,0.962149,2.27839,0,0,0,0,0,0
63,0.971917,2.25885,0,0,0,0,0,0
64,0.967033,2.24664,0,0,0,0,0,0
65,0.945055,2.24176,0,0,0,0,0,0
66,0.974359,2.25153,0,0,0,0,0,0
67,0.969475,2.27595,0,0,0,0,0,0
68,0.967033,2.27106,0,0,0,0,0,0
69,0.969475,2.28816,0,0,0,0,0,0
70,0.971917,2.26374,0,0,0,0,0,0
71,0.962149,2.27106,0,0,0,0,0,0
72,0.979243,2.28083,0,0,0,0,0,0
73,0.954823,2.29792,0,0,0,0,0,0
74,0.971917,2.29304,0,0,0,0,0,0
75,0.962149,2.29304,0,0,0,0,0,0
76,0.930403,2.26374,0,0,0,0,0,0
77,0.967033,2.30525,0,0,0,0,0,0
78,0.959707,2.31502,0,0,0,0,0,0
79,0.957265,2.28327,0,0,0,0,0,0
80,0.954823,2.29304,0,0,0,0,0,0
81,0.940171,2.29792,0,0,0,0,0,0
82,0.805861,2.3199,0,0,0,0,0,0
83,0.903541,2.26374,0,0,0,0,0,0
84,0.954823,2.34676,0,0,0,0,0,0
85,1.00366,2.30281,0,0,0,0,0,0
86,0.947497,2.35165,0,0,0,0,0,0
87,0.925519,2.30525,0,0,0,0,0,0
88,0.945055,2.31258,0,0,0,0,0,0
89,0.942613,2.34188,0,0,0,0,0,0
90,0.937729,2.30281,0,0,0,0,0,0
91,0.947497,2.3199,0,0,0,0,0,0
92,0.930403,2.33455,0,0,0,0,0,0
93,0.935287,2.30037,0,0,0,0,0,0
94,0.918193,2.32967,0,0,0,0,0,0
95,0.947497,2.29548,0,0,0,0,0,0
96,0.954823,2.33211,0,0,0,0,0,0
97,0.959707,2.37118,0,0,0,0,0,0
98,0.764347,2.31502,0,0,0,0,0,0
99,0.952381,2.33211,0,0,0,0,0,0
100,0.942613,2.3199,0,0,0,0,0,0
101,0.942613,2.31013,0,0,0,0,0,0
102,0.952381,2.31746,0,0,0,0,0,0
103,0.962149,2.33211,0,0,0,0,0,0
104,0.945055,2.32723,0,0,0,0,0,0
105,0.947497,2.2906,0,0,0,0,0,0
106,0.964591,2.33455,0,0,0,0,0,0
107,0.964591,2.33455,0,0,0,0,0,0
108,0.971917,2.34676,0,0,0,0,0,0
109,0.957265,2.36874,0,0,0,0,0,0
110,0.942613,2.35653,0,0,0,0,0,0
111,0.962149,2.35165,0,0,0,0,0,0
112,0.957265,2.33455,0,0,0,0,0,0
113,0.945055,2.34188,0,0,0,0,0,0
114,0.932845,2.3663,0,0,0,0,0,0
115,0.925519,2.34676,0,0,0,0,0,0
116,0.942613,2.36142,0,0,0,0,0,0
117,0.942613,2.35653,0,0,0,0,0,0
118,0.932845,2.34921,0,0,0,0,0,0
119,0.935287,2.35165,0,0,0,0,0,0
120,0.903541,2.32234,0,0,0,0,0,0
121,0.923077,2.35653,0,0,0,0,0,0
122,0.935287,2.35897,0,0,0,0,0,0
123,0.927961,2.33944,0,0,0,0,0,0
124,0.915751,2.34921,0,0,0,0,0,0
125,0.910867,2.34188,0,0,0,0,0,0
126,0.896215,2.33944,0,0,0,0,0,0
127,0.918193,2.35653,0,0,0,0,0,0
128,0.932845,2.37363,0,0,0,0,0,0
129,0.940171,2.3663,0,0,0,0,0,0
130,0.945055,2.34921,0,0,0,0,0,0
131,0.913309,2.35165,0,0,0,0,0,0
132,0.920635,2.37607,0,0,0,0,0,0
133,0.913309,2.36386,0,0,0,0,0,0
134,0.930403,2.3663,0,0,0,0,0,0
135,0.918193,2.34432,0,0,0,0,0,0
136,0.910867,2.37363,0,0,0,0,0,0
137,0.918193,2.34432,0,0,0,0,0,0
138,0.905983,2.35409,0,0,0,0,0,0
139,0.932845,2.34188,0,0,0,0,0,0
140,0.932845,2.39072,0,0,0,0,0,0
141,0.930403,2.34676,0,0,0,0,0,0
142,0.923077,2.37607,0,0,0,0,0,0
143,0.940171,2.42247,0,0,0,0,0,0
144,0.947497,2.38339,0,0,0,0,0,0
145,0.945055,2.38828,0,0,0,0,0,0
146,0.940171,2.39072,0,0,0,0,0,0
147,0.945055,2.42002,0,0,0,0,0,0
148,0.927961,2.38828,0,0,0,0,0,0
149,0.918193,2.38584,0,0,0,0,0,0
150,0.927961,2.40293,0,0,0,0,0,0
151,0.918193,2.3956,0,0,0,0,0,0
152,0.932845,2.42979,0,0,0,0,0,0
153,0.908425,2.4127,0,0,0,0,0,0
154,0.920635,2.38339,0,0,0,0,0,0
155,0.905983,2.38095,0,0,0,0,0,0
156,0.893773,2.3663,0,0,0,0,0,0
157,0.884005,2.37363,0,0,0,0,0,0
158,0.901099,2.41514,0,0,0,0,0,0
159,0.886447,2.39072,0,0,0,0,0,0
160,0.879121,2.40049,0,0,0,0,0,0
161,0.908425,2.38095,0,0,0,0,0,0
162,0.888889,2.41514,0,0,0,0,0,0
163,0.908425,2.43468,0,0,0,0,0,0
164,0.913309,2.41514,0,0,0,0,0,0
165,0.932845,2.41758,0,0,0,0,0,0
166,0.930403,2.442,0,0,0,0,0,0
167,0.930403,2.4591,0,0,0,0,0,0
168,0.915751,2.39805,0,0,0,0,0,0
169,0.910867,2.4127,0,0,0,0,0,0
170,0.913309,2.42247,0,0,0,0,0,0
171,0.915751,2.40293,0,0,0,0,0,0
172,0.923077,2.40537,0,0,0,0,0,0
173,0.908425,2.41514,0,0,0,0,0,0
174,0.915751,2.42247,0,0,0,0,0,0
175,0.898657,2.41514,0,0,0,0,0,0
176,0.913309,2.3956,0,0,0,0,0,0
177,0.927961,2.43223,0,0,0,0,0,0
178,0.920635,2.43468,0,0,0,0,0,0
179,0.915751,2.42979,0,0,0,0,0,0
180,0.923077,2.43223,0,0,0,0,0,0
181,0.918193,2.45177,0,0,0,0,0,0
182,0.918193,2.43956,0,0,0,0,0,0
183,0.891331,2.45665,0,0,0,0,0,0
184,0.923077,2.44444,0,0,0,0,0,0
185,0.913309,2.4591,0,0,0,0,0,0
186,0.908425,2.50305,0,0,0,0,0,0
187,0.903541,2.47131,0,0,0,0,0,0
188,0.905983,2.42979,0,0,0,0,0,0
189,0.893773,2.43956,0,0,0,0,0,0
190,0.879121,2.49573,0,0,0,0,0,0
191,0.874237,2.46642,0,0,0,0,0,0
192,0.866911,2.42979,0,0,0,0,0,0
193,0.869353,2.49084,0,0,0,0,0,0
194,0.888889,2.4591,0,0,0,0,0,0
195,0.884005,2.47375,0,0,0,0,0,0
196,0.886447,2.46886,0,0,0,0,0,0
197,0.884005,2.44444,0,0,0,0,0,0
198,0.893773,2.47619,0,0,0,0,0,0
199,0.896215,2.44933,0,0,0,0,0,0
200,0.896215,2.4591,0,0,0,0,0,0
201,0.888889,2.43712,0,0,0,0,0,0
202,0.896215,2.54457,0,0,0,0,0,0
203,0.901099,2.48352,0,0,0,0,0,0
204,0.896215,2.46642,0,0,0,0,0,0
205,0.913309,2.48107,0,0,0,0,0,0
206,0.910867,2.4884,0,0,0,0,0,0
207,0.915751,2.52259,0,0,0,0,0,0
208,0.891331,2.47863,0,0,0,0,0,0
209,0.913309,2.48107,0,0,0,0,0,0
210,0.910867,2.46642,0,0,0,0,0,0
211,0.903541,2.46642,0,0,0,0,0,0
212,0.876679,2.47863,0,0,0,0,0,0
213,0.879121,2.50549,0,0,0,0,0,0
214,0.888889,2.46642,0,0,0,0,0,0
215,0.879121,2.48596,0,0,0,0,0,0
216,0.893773,2.49084,0,0,0,0,0,0
217,0.901099,2.48352,0,0,0,0,0,0
218,0.901099,2.47131,0,0,0,0,0,0
219,0.881563,2.51282,0,0,0,0,0,0
220,0.905983,2.54701,0,0,0,0,0,0
221,0.918193,2.53968,0,0,0,0,0,0
222,0.891331,2.51526,0,0,0,0,0,0
223,0.871795,2.51526,0,0,0,0,0,0
224,0.879121,2.49573,0,0,0,0,0,0
225,0.879121,2.47863,0,0,0,0,0,0
226,0.871795,2.4884,0,0,0,0,0,0
227,0.886447,2.51282,0,0,0,0,0,0
228,0.866911,2.46154,0,0,0,0,0,0
229,0.886447,2.54701,0,0,0,0,0,0
230,0.862027,2.50794,0,0,0,0,0,0
231,0.896215,2.52503,0,0,0,0,0,0
232,0.905983,2.51282,0,0,0,0,0,0
233,0.891331,2.51038,0,0,0,0,0,0
234,0.893773,2.54701,0,0,0,0,0,0
235,0.871795,2.54457,0,0,0,0,0,0
236,0.898657,2.5177,0,0,0,0,0,0
237,0.896215,2.55433,0,0,0,0,0,0
238,0.923077,2.52991,0,0,0,0,0,0
239,0.923077,2.54457,0,0,0,0,0,0
240,0.930403,2.53968,0,0,0,0,0,0
241,0.905983,2.52259,0,0,0,0,0,0
242,0.927961,2.5812,0,0,0,0,0,0
243,0.932845,2.53968,0,0,0,0,0,0
244,0.918193,2.52747,0,0,0,0,0,0
245,0.881563,2.51526,0,0,0,0,0,0
246,0.881563,2.5348,0,0,0,0,0,0
247,0.876679,2.52015,0,0,0,0,0,0
248,0.869353,2.52503,0,0,0,0,0,0
249,0.896215,2.52259,0,0,0,0,0,0
250,0.881563,2.5348,0,0,0,0,0,0
1,0.896215,2.50305,0,0,0,0,0,0
2,0.879121,2.58364,0,0,0,0,0,0
3,0.881563,2.54701,0,0,0,0,0,0
4,0.903541,2.54212,0,0,0,0,0,0
5,0.896215,2.53236,0,0,0,0,0,0
6,0.893773,2.55189,0,0,0,0,0,0
7,0.891331,2.57631,0,0,0,0,0,0
8,0.898657,2.54945,0,0,0,0,0,0
9,0.896215,2.54457,0,0,0,0,0,0
10,0.896215,2.59096,0,0,0,0,0,0
11,0.905983,2.57143,0,0,0,0,0,0
12,0.923077,2.56899,0,0,0,0,0,0
13,0.891331,2.54701,0,0,0,0,0,0
14,0.915751,2.5641,0,0,0,0,0,0
15,0.918193,2.55189,0,0,0,0,0,0
16,0.910867,2.54701,0,0,0,0,0,0
17,0.903541,2.54945,0,0,0,0,0,0
18,0.915751,2.57631,0,0,0,0,0,0
19,0.915751,2.57143,0,0,0,0,0,0
20,0.915751,2.54945,0,0,0,0,0,0
21,0.930403,2.57387,0,0,0,0,0,0
22,0.927961,2.5812,0,0,0,0,0,0
23,0.854701,2.57143,0,0,0,0,0,0
24,0.905983,2.60073,0,0,0,0,0,0
25,0.932845,2.58852,0,0,0,0,0,0
26,0.932845,2.61294,0,0,0,0,0,0
27,0.930403,2.6105,0,0,0,0,0,0
28,0.905983,2.59096,0,0,0,0,0,0
29,0.910867,2.63004,0,0,0,0,0,0
30,0.910867,2.61294,0,0,0,0,0,0
31,0.908425,2.58852,0,0,0,0,0,0
32,0.918193,2.57875,0,0,0,0,0,0
33,0.957265,2.58608,0,0,0,0,0,0
34,0.908425,2.54701,0,0,0,0,0,0
35,0.888889,2.59585,0,0,0,0,0,0
36,0.793651,2.58852,0,0,0,0,0,0
37,0.918193,2.59341,0,0,0,0,0,0
38,0.915751,2.60562,0,0,0,0,0,0
39,0.903541,2.59096,0,0,0,0,0,0
40,0.937729,2.59829,0,0,0,0,0,0
41,0.927961,2.57631,0,0,0,0,0,0
42,0.937729,2.65934,0,0,0,0,0,0
43,0.954823,2.61294,0,0,0,0,0,0
44,0.937729,2.6105,0,0,0,0,0,0
45,0.959707,2.62515,0,0,0,0,0,0
46,0.964591,2.6105,0,0,0,0,0,0
47,0.954823,2.59829,0,0,0,0,0,0
48,0.957265,2.63248,0,0,0,0,0,0
49,0.864469,2.60806,0,0,0,0,0,0
50,0.942613,2.66178,0,0,0,0,0,0
51,0.949939,2.60806,0,0,0,0,0,0
52,0.940171,2.60073,0,0,0,0,0,0
53,0.954823,2.60562,0,0,0,0,0,0
54,0.957265,2.62515,0,0,0,0,0,0
55,0.959707,2.64225,0,0,0,0,0,0
56,0.967033,2.63248,0,0,0,0,0,0
57,0.935287,2.62027,0,0,0,0,0,0
58,0.947497,2.62027,0,0,0,0,0,0
59,0.962149,2.62515,0,0,0,0,0,0
60,0.942613,2.63004,0,0,0,0,0,0
61,0.937729,2.63492,0,0,0,0,0,0
62,0.847375,2.65934,0,0,0,0,0,0
63,0.942613,2.63492,0,0,0,0,0,0
64,0.935287,2.62271,0,0,0,0,0,0
65,0.949939,2.65201,0,0,0,0,0,0
66,0.940171,2.64957,0,0,0,0,0,0
67,0.947497,2.6569,0,0,0,0,0,0
68,0.940171,2.7033,0,0,0,0,0,0
69,0.932845,2.63248,0,0,0,0,0,0
70,0.935287,2.63248,0,0,0,0,0,0
71,0.932845,2.63004,0,0,0,0,0,0
72,0.935287,2.63248,0,0,0,0,0,0
73,0.952381,2.6569,0,0,0,0,0,0
74,0.949939,2.63248,0,0,0,0,0,0
75,0.862027,2.6398,0,0,0,0,0,0
76,0.967033,2.6569,0,0,0,0,0,0
77,0.959707,2.66911,0,0,0,0,0,0
78,0.971917,2.65934,0,0,0,0,0,0
79,0.967033,2.65934,0,0,0,0,0,0
80,0.989011,2.68376,0,0,0,0,0,0
81,0.998779,2.69597,0,0,0,0,0,0
82,0.984127,2.65201,0,0,0,0,0,0
83,0.967033,2.66178,0,0,0,0,0,0
84,0.974359,2.68132,0,0,0,0,0,0
85,1.0232,2.66667,0,0,0,0,0,0
86,0.971917,2.66911,0,0,0,0,0,0
87,0.957265,2.67888,0,0,0,0,0,0
88,0.971917,2.66911,0,0,0,0,0,0
89,0.971917,2.67155,0,0,0,0,0,0
90,0.937729,2.71306,0,0,0,0,0,0
91,0.969475,2.67888,0,0,0,0,0,0
92,0.962149,2.69109,0,0,0,0,0,0
93,0.957265,2.67643,0,0,0,0,0,0
94,0.945055,2.69109,0,0,0,0,0,0
95,0.942613,2.69109,0,0,0,0,0,0
96,0.947497,2.69109,0,0,0,0,0,0
97,0.949939,2.68864,0,0,0,0,0,0
98,0.989011,2.69597,0,0,0,0,0,0
99,0.967033,2.70574,0,0,0,0,0,0
100,0.976801,2.68132,0,0,0,0,0,0
101,0.927961,2.69597,0,0,0,0,0,0
102,0.957265,2.68376,0,0,0,0,0,0
103,0.959707,2.7033,0,0,0,0,0,0
104,0.957265,2.66178,0,0,0,0,0,0
105,0.920635,2.69841,0,0,0,0,0,0
106,0.945055,2.70574,0,0,0,0,0,0
107,0.937729,2.6862,0,0,0,0,0,0
108,0.957265,2.69841,0,0,0,0,0,0
109,0.969475,2.74725,0,0,0,0,0,0
110,0.969475,2.74969,0,0,0,0,0,0
111,0.981685,2.7033,0,0,0,0,0,0
112,0.962149,2.7033,0,0,0,0,0,0
113,0.979243,2.67155,0,0,0,0,0,0
114,0.986569,2.74725,0,0,0,0,0,0
115,0.984127,2.70574,0,0,0,0,0,0
116,0.967033,2.71795,0,0,0,0,0,0
117,0.981685,2.72283,0,0,0,0,0,0
118,0.986569,2.68376,0,0,0,0,0,0
119,0.971917,2.70574,0,0,0,0,0,0
120,1.00366,2.72039,0,0,0,0,0,0
121,0.984127,2.71795,0,0,0,0,0,0
122,1.00366,2.71551,0,0,0,0,0,0
123,0.949939,2.69597,0,0,0,0,0,0
124,0.981685,2.71551,0,0,0,0,0,0
125,0.967033,2.70085,0,0,0,0,0,0
126,0.962149,2.69597,0,0,0,0,0,0
127,0.957265,2.69597,0,0,0,0,0,0
128,0.962149,2.73504,0,0,0,0,0,0
129,0.954823,2.71551,0,0,0,0,0,0
130,0.947497,2.70818,0,0,0,0,0,0
131,0.971917,2.72527,0,0,0,0,0,0
132,0.969475,2.70818,0,0,0,0,0,0
133,0.971917,2.72772,0,0,0,0,0,0
134,0.949939,2.74237,0,0,0,0,0,0
135,0.986569,2.74237,0,0,0,0,0,0
136,0.991453,2.74237,0,0,0,0,0,0
137,0.969475,2.70574,0,0,0,0,0,0
138,0.959707,2.71551,0,0,0,0,0,0
139,0.945055,2.71795,0,0,0,0,0,0
140,0.957265,2.72772,0,0,0,0,0,0
141,0.952381,2.68132,0,0,0,0,0,0
142,0.969475,2.73016,0,0,0,0,0,0
143,0.957265,2.72039,0,0,0,0,0,0
144,0.967033,2.7619,0,0,0,0,0,0
145,0.957265,2.72283,0,0,0,0,0,0
146,0.986569,2.73748,0,0,0,0,0,0
147,0.976801,2.73016,0,0,0,0,0,0
148,0.981685,2.71795,0,0,0,0,0,0
149,0.984127,2.72039,0,0,0,0,0,0
150,0.967033,2.73016,0,0,0,0,0,0
151,0.976801,2.72772,0,0,0,0,0,0
152,0.979243,2.70818,0,0,0,0,0,0
153,1.01099,2.74725,0,0,0,0,0,0
154,0.998779,2.76923,0,0,0,0,0,0
155,1.01099,2.75214,0,0,0,0,0,0
156,0.996337,2.75702,0,0,0,0,0,0
157,1.00855,2.73993,0,0,0,0,0,0
158,1.00366,2.74969,0,0,0,0,0,0
159,0.964591,2.73504,0,0,0,0,0,0
160,0.964591,2.74481,0,0,0,0,0,0
161,0.981685,2.74725,0,0,0,0,0,0
162,0.967033,2.74725,0,0,0,0,0,0
163,0.971917,2.75214,0,0,0,0,0,0
164,0.971917,2.74237,0,0,0,0,0,0
165,0.991453,2.76923,0,0,0,0,0,0
166,0.981685,2.76679,0,0,0,0,0,0
167,0.959707,2.7619,0,0,0,0,0,0
168,0.981685,2.76923,0,0,0,0,0,0
169,0.981685,2.76435,0,0,0,0,0,0
170,0.979243,2.74725,0,0,0,0,0,0
171,0.979243,2.75946,0,0,0,0,0,0
172,0.976801,2.79121,0,0,0,0,0,0
173,0.930403,2.77411,0,0,0,0,0,0
174,0.967033,2.7619,0,0,0,0,0,0
175,0.971917,2.76435,0,0,0,0,0,0
176,0.969475,2.77656,0,0,0,0,0,0
177,0.986569,2.78144,0,0,0,0,0,0
178,0.959707,2.75702,0,0,0,0,0,0
179,0.967033,2.75458,0,0,0,0,0,0
180,0.971917,2.76923,0,0,0,0,0,0
181,0.959707,2.7619,0,0,0,0,0,0
182,0.952381,2.77167,0,0,0,0,0,0
183,0.954823,2.74725,0,0,0,0,0,0
184,0.967033,2.80098,0,0,0,0,0,0
185,0.962149,2.76923,0,0,0,0,0,0
186,0.962149,2.78877,0,0,0,0,0,0
187,0.984127,2.79609,0,0,0,0,0,0
188,0.986569,2.79853,0,0,0,0,0,0
189,0.976801,2.79609,0,0,0,0,0,0
190,0.998779,2.79853,0,0,0,0,0,0
191,1.00611,2.80098,0,0,0,0,0,0
192,0.993895,2.79121,0,0,0,0,0,0
193,0.969475,2.77411,0,0,0,0,0,0
194,0.986569,2.81807,0,0,0,0,0,0
195,0.984127,2.84737,0,0,0,0,0,0
196,0.981685,2.78632,0,0,0,0,0,0
197,0.991453,2.84493,0,0,0,0,0,0
198,0.984127,2.80098,0,0,0,0,0,0
199,0.991453,2.78632,0,0,0,0,0,0
200,0.984127,2.78877,0,0,0,0,0,0
201,0.998779,2.81807,0,0,0,0,0,0
202,1.00611,2.8254,0,0,0,0,0,0
203,0.986569,2.81807,0,0,0,0,0,0
204,0.967033,2.80098,0,0,0,0,0,0
205,0.971917,2.8083,0,0,0,0,0,0
206,0.971917,2.81319,0,0,0,0,0,0
207,0.991453,2.82295,0,0,0,0,0,0
208,0.991453,2.8254,0,0,0,0,0,0
209,0.998779,2.83028,0,0,0,0,0,0
210,0.993895,2.84005,0,0,0,0,0,0
211,0.971917,2.84249,0,0,0,0,0,0
212,0.989011,2.84005,0,0,0,0,0,0
213,0.986569,2.81074,0,0,0,0,0,0
214,0.979243,2.83272,0,0,0,0,0,0
215,0.964591,2.82295,0,0,0,0,0,0
216,0.957265,2.83028,0,0,0,0,0,0
217,0.952381,2.78877,0,0,0,0,0,0
218,0.949939,2.81319,0,0,0,0,0,0
219,0.825397,2.84249,0,0,0,0,0,0
220,0.976801,2.83516,0,0,0,0,0,0
221,0.971917,2.83516,0,0,0,0,0,0
222,0.959707,2.85958,0,0,0,0,0,0
223,0.969475,2.81563,0,0,0,0,0,0
224,0.981685,2.85226,0,0,0,0,0,0
225,0.967033,2.85958,0,0,0,0,0,0
226,0.962149,2.88645,0,0,0,0,0,0
227,0.976801,2.87668,0,0,0,0,0,0
228,0.976801,2.85714,0,0,0,0,0,0
229,1.00611,2.86203,0,0,0,0,0,0
230,0.996337,2.86203,0,0,0,0,0,0
231,0.984127,2.85958,0,0,0,0,0,0
232,1.00611,2.87424,0,0,0,0,0,0
233,0.984127,2.85958,0,0,0,0,0,0
234,0.998779,2.85958,0,0,0,0,0,0
235,0.981685,2.85226,0,0,0,0,0,0
236,0.979243,2.84493,0,0,0,0,0,0
237,0.962149,2.80586,0,0,0,0,0,0
238,0.996337,2.86935,0,0,0,0,0,0
239,0.986569,2.84737,0,0,0,0,0,0
240,0.989011,2.84982,0,0,0,0,0,0
241,1.00855,2.85714,0,0,0,0,0,0
242,0.998779,2.8547,0,0,0,0,0,0
243,0.993895,2.86447,0,0,0,0,0,0
244,0.986569,2.87668,0,0,0,0,0,0
245,1.00611,2.884,0,0,0,0,0,0
246,1.00611,2.92063,0,0,0,0,0,0
247,0.986569,2.87179,0,0,0,0,0,0
248,0.971917,2.86203,0,0,0,0,0,0
249,0.971917,2.87179,0,0,0,0,0,0
250,0.979243,2.84982,0,0,0,0,0,0
1,0.952381,2.82784,0,0,0,0,0,0
2,0.989011,2.84737,0,0,0,0,0,0
3,0.969475,2.86935,0,0,0,0,0,0
4,0.971917,2.86935,0,0,0,0,0,0
5,0.959707,2.86447,0,0,0,0,0,0
6,0.974359,2.87668,0,0,0,0,0,0
7,0.979243,2.87424,0,0,0,0,0,0
8,0.964591,2.9011,0,0,0,0,0,0
9,0.957265,2.87179,0,0,0,0,0,0
10,0.959707,2.91575,0,0,0,0,0,0
11,0.971917,2.86935,0,0,0,0,0,0
12,0.984127,2.91087,0,0,0,0,0,0
13,1.00122,2.89866,0,0,0,0,0,0
14,0.996337,2.85714,0,0,0,0,0,0
15,1.00122,2.86447,0,0,0,0,0,0
16,0.996337,2.89866,0,0,0,0,0,0
17,1.00855,2.89621,0,0,0,0,0,0
18,1.01343,2.89621,0,0,0,0,0,0
19,1.00611,2.86203,0,0,0,0,0,0
20,0.996337,2.88889,0,0,0,0,0,0
21,0.984127,2.9011,0,0,0,0,0,0
22,0.937729,2.86203,0,0,0,0,0,0
23,0.952381,2.88889,0,0,0,0,0,0
24,0.986569,2.89133,0,0,0,0,0,0
25,0.969475,2.90842,0,0,0,0,0,0
26,0.984127,2.89133,0,0,0,0,0,0
27,0.962149,2.89866,0,0,0,0,0,0
28,0.986569,2.89621,0,0,0,0,0,0
29,0.981685,2.90842,0,0,0,0,0,0
30,0.981685,2.86691,0,0,0,0,0,0
31,0.979243,2.91087,0,0,0,0,0,0
32,0.979243,2.94505,0,0,0,0,0,0
33,0.974359,2.91087,0,0,0,0,0,0
34,0.969475,2.89621,0,0,0,0,0,0
35,0.981685,2.9304,0,0,0,0,0,0
36,0.971917,2.89866,0,0,0,0,0,0
37,0.981685,2.89133,0,0,0,0,0,0
38,0.971917,2.92063,0,0,0,0,0,0
39,0.949939,2.92552,0,0,0,0,0,0
40,0.971917,2.91331,0,0,0,0,0,0
41,0.844933,2.91819,0,0,0,0,0,0
42,0.989011,2.91819,0,0,0,0,0,0
43,0.991453,2.91819,0,0,0,0,0,0
44,0.967033,2.92063,0,0,0,0,0,0
45,0.991453,2.9304,0,0,0,0,0,0
46,0.996337,2.95482,0,0,0,0,0,0
47,1.00122,2.9475,0,0,0,0,0,0
48,1.00855,2.93773,0,0,0,0,0,0
49,0.991453,2.95726,0,0,0,0,0,0
50,1.01099,2.94994,0,0,0,0,0,0
51,1.03053,2.94994,0,0,0,0,0,0
52,1.00855,2.9304,0,0,0,0,0,0
53,0.971917,2.93773,0,0,0,0,0,0
54,0.959707,2.95971,0,0,0,0,0,0
55,0.976801,2.94994,0,0,0,0,0,0
56,0.996337,2.93773,0,0,0,0,0,0
57,0.976801,2.98901,0,0,0,0,0,0
58,0.979243,2.89866,0,0,0,0,0,0
59,0.971917,2.93773,0,0,0,0,0,0
60,0.952381,2.94017,0,0,0,0,0,0
61,0.979243,2.95238,0,0,0,0,0,0
62,0.976801,2.95726,0,0,0,0,0,0
63,0.967033,2.92796,0,0,0,0,0,0
64,0.957265,2.94261,0,0,0,0,0,0
65,0.949939,2.94017,0,0,0,0,0,0
66,0.959707,2.9475,0,0,0,0,0,0
67,0.971917,3.01343,0,0,0,0,0,0
68,1.00855,2.98657,0,0,0,0,0,0
69,1.01587,2.96947,0,0,0,0,0,0
70,1.00611,2.9768,0,0,0,0,0,0
71,0.984127,2.97924,0,0,0,0,0,0
72,1.00122,2.98901,0,0,0,0,0,0
73,0.998779,2.9768,0,0,0,0,0,0
74,0.993895,3.01343,0,0,0,0,0,0
75,0.986569,2.95482,0,0,0,0,0,0
76,0.981685,2.98657,0,0,0,0,0,0
77,0.976801,2.94994,0,0,0,0,0,0
78,0.969475,2.95726,0,0,0,0,0,0
79,0.986569,2.97436,0,0,0,0,0,0
80,0.984127,2.96947,0,0,0,0,0,0
81,1.00366,2.97924,0,0,0,0,0,0
82,0.984127,3.00611,0,0,0,0,0,0
83,1.00611,2.97924,0,0,0,0,0,0
84,0.971917,3.00122,0,0,0,0,0,0
85,0.981685,2.99145,0,0,0,0,0,0
86,0.976801,2.97436,0,0,0,0,0,0
87,0.976801,3.00855,0,0,0,0,0,0
88,0.979243,2.99389,0,0,0,0,0,0
89,0.962149,2.96947,0,0,0,0,0,0
90,0.986569,2.99389,0,0,0,0,0,0
91,0.976801,3.01099,0,0,0,0,0,0
92,0.986569,3.00855,0,0,0,0,0,0
93,0.976801,2.98168,0,0,0,0,0,0
94,0.979243,3.01587,0,0,0,0,0,0
95,0.971917,3.00122,0,0,0,0,0,0
96,0.954823,2.96703,0,0,0,0,0,0
97,0.940171,2.98901,0,0,0,0,0,0
98,0.949939,3.02564,0,0,0,0,0,0
99,0.959707,3.01587,0,0,0,0,0,0
100,0.761905,3.03053,0,0,0,0,0,0
101,0.971917,3.05495,0,0,0,0,0,0
102,0.957265,3.02808,0,0,0,0,0,0
103,0.971917,3.01587,0,0,0,0,0,0
104,0.937729,3.02076,0,0,0,0,0,0
105,0.984127,3.03297,0,0,0,0,0,0
106,0.967033,3.02808,0,0,0,0,0,0
107,0.954823,3.00122,0,0,0,0,0,0
108,0.981685,3.03297,0,0,0,0,0,0
109,0.962149,3.04029,0,0,0,0,0,0
110,0.866911,3.01832,0,0,0,0,0,0
111,0.974359,3.02808,0,0,0,0,0,0
112,0.993895,2.99389,0,0,0,0,0,0
113,0.984127,3.00855,0,0,0,0,0,0
114,0.981685,3.00122,0,0,0,0,0,0
115,0.962149,3.01343,0,0,0,0,0,0
116,0.984127,3.05006,0,0,0,0,0,0
117,0.986569,3.01099,0,0,0,0,0,0
118,0.981685,3.0232,0,0,0,0,0,0
119,0.976801,3.00611,0,0,0,0,0,0
120,0.976801,3.03785,0,0,0,0,0,0
121,0.976801,3.02076,0,0,0,0,0,0
122,0.993895,3.07204,0,0,0,0,0,0
123,0.996337,3.03541,0,0,0,0,0,0
124,0.989011,3.05495,0,0,0,0,0,0
125,1.0232,3.05006,0,0,0,0,0,0
126,0.971917,3.05983,0,0,0,0,0,0
127,0.986569,3.04274,0,0,0,0,0,0
128,0.996337,3.04274,0,0,0,0,0,0
129,0.979243,3.0232,0,0,0,0,0,0
130,0.954823,3.03541,0,0,0,0,0,0
131,0.959707,3.05006,0,0,0,0,0,0
132,0.957265,3.0232,0,0,0,0,0,0
133,0.952381,3.0232,0,0,0,0,0,0
134,0.967033,3.04029,0,0,0,0,0,0
135,0.962149,3.05495,0,0,0,0,0,0
136,0.974359,3.06716,0,0,0,0,0,0
137,0.957265,3.03053,0,0,0,0,0,0
138,0.967033,3.05495,0,0,0,0,0,0
139,0.969475,3.05006,0,0,0,0,0,0
140,0.959707,3.03053,0,0,0,0,0,0
141,0.949939,3.08425,0,0,0,0,0,0
142,0.962149,3.0696,0,0,0,0,0,0
143,0.954823,3.07692,0,0,0,0,0,0
144,0.959707,3.07204,0,0,0,0,0,0
145,0.969475,3.0696,0,0,0,0,0,0
146,0.952381,3.06471,0,0,0,0,0,0
147,0.979243,3.07448,0,0,0,0,0,0
148,0.930403,3.05006,0,0,0,0,0,0
149,0.979243,3.06471,0,0,0,0,0,0
150,0.989011,3.0696,0,0,0,0,0,0
151,0.967033,3.03541,0,0,0,0,0,0
152,0.949939,3.03785,0,0,0,0,0,0
153,0.940171,3.06471,0,0,0,0,0,0
154,0.967033,3.05739,0,0,0,0,0,0
155,0.952381,3.04274,0,0,0,0,0,0
156,0.984127,3.05983,0,0,0,0,0,0
157,0.974359,3.06716,0,0,0,0,0,0
158,0.981685,3.08425,0,0,0,0,0,0
159,0.937729,3.08913,0,0,0,0,0,0
160,0.993895,3.09402,0,0,0,0,0,0
161,1.00122,3.0989,0,0,0,0,0,0
162,0.998779,3.11355,0,0,0,0,0,0
163,0.996337,3.10379,0,0,0,0,0,0
164,1.00366,3.08669,0,0,0,0,0,0
165,0.981685,3.09158,0,0,0,0,0,0
166,0.989011,3.08913,0,0,0,0,0,0
167,0.996337,3.08913,0,0,0,0,0,0
168,0.962149,3.0696,0,0,0,0,0,0
169,0.981685,3.07937,0,0,0,0,0,0
170,0.959707,3.07448,0,0,0,0,0,0
171,0.971917,3.06716,0,0,0,0,0,0
172,0.971917,3.08425,0,0,0,0,0,0
173,0.957265,3.0989,0,0,0,0,0,0
174,0.976801,3.11355,0,0,0,0,0,0
175,0.964591,3.14774,0,0,0,0,0,0
176,0.952381,3.0989,0,0,0,0,0,0
177,0.947497,3.09402,0,0,0,0,0,0
178,0.964591,3.10623,0,0,0,0,0,0
179,0.957265,3.11844,0,0,0,0,0,0
180,0.971917,3.13309,0,0,0,0,0,0
181,0.962149,3.17216,0,0,0,0,0,0
182,0.981685,3.14042,0,0,0,0,0,0
183,0.976801,3.09402,0,0,0,0,0,0
184,0.957265,3.11355,0,0,0,0,0,0
185,0.949939,3.11355,0,0,0,0,0,0
186,0.952381,3.13797,0,0,0,0,0,0
187,0.947497,3.10623,0,0,0,0,0,0
188,0.947497,3.10623,0,0,0,0,0,0
189,0.949939,3.11355,0,0,0,0,0,0
190,0.942613,3.07448,0,0,0,0,0,0
191,0.930403,3.11844,0,0,0,0,0,0
192,0.957265,3.12821,0,0,0,0,0,0
193,0.964591,3.13309,0,0,0,0,0,0
194,0.964591,3.13797,0,0,0,0,0,0
195,0.967033,3.14042,0,0,0,0,0,0
196,0.949939,3.12332,0,0,0,0,0,0
197,0.962149,3.15018,0,0,0,0,0,0
198,0.962149,3.12821,0,0,0,0,0,0
199,0.969475,3.14286,0,0,0,0,0,0
200,0.991453,3.15751,0,0,0,0,0,0
201,0.984127,3.15751,0,0,0,0,0,0
202,0.974359,3.1453,0,0,0,0,0,0
203,0.954823,3.1453,0,0,0,0,0,0
204,0.984127,3.15507,0,0,0,0,0,0
205,0.996337,3.19414,0,0,0,0,0,0
206,0.981685,3.12821,0,0,0,0,0,0
207,0.971917,3.13065,0,0,0,0,0,0
208,0.959707,3.1453,0,0,0,0,0,0
209,0.971917,3.18437,0,0,0,0,0,0
210,0.981685,3.14042,0,0,0,0,0,0
211,0.962149,3.15995,0,0,0,0,0,0
212,0.957265,3.14286,0,0,0,0,0,0
213,0.971917,3.17949,0,0,0,0,0,0
214,0.971917,3.15751,0,0,0,0,0,0
215,0.962149,3.16484,0,0,0,0,0,0
216,0.967033,3.18193,0,0,0,0,0,0
217,0.959707,3.17216,0,0,0,0,0,0
218,0.954823,3.22344,0,0,0,0,0,0
219,0.957265,3.20391,0,0,0,0,0,0
220,0.957265,3.17705,0,0,0,0,0,0
221,0.964591,3.16728,0,0,0,0,0,0
222,0.962149,3.1746,0,0,0,0,0,0
223,0.952381,3.17949,0,0,0,0,0,0
224,0.962149,3.16728,0,0,0,0,0,0
225,0.937729,3.15263,0,0,0,0,0,0
226,0.932845,3.15995,0,0,0,0,0,0
227,0.942613,3.16484,0,0,0,0,0,0
228,0.935287,3.14286,0,0,0,0,0,0
229,0.908425,3.16484,0,0,0,0,0,0
230,0.945055,3.16972,0,0,0,0,0,0
231,0.954823,3.16484,0,0,0,0,0,0
232,0.964591,3.16972,0,0,0,0,0,0
233,0.962149,3.16972,0,0,0,0,0,0
234,0.957265,3.17705,0,0,0,0,0,0
235,0.971917,3.20391,0,0,0,0,0,0
236,0.964591,3.16728,0,0,0,0,0,0
237,0.989011,3.19658,0,0,0,0,0,0
238,0.989011,3.15995,0,0,0,0,0,0
239,0.979243,3.16972,0,0,0,0,0,0
240,0.967033,3.1746,0,0,0,0,0,0
241,0.967033,3.19414,0,0,0,0,0,0
242,0.971917,3.16484,0,0,0,0,0,0
243,0.979243,3.15995,0,0,0,0,0,0
244,0.986569,3.27961,0,0,0,0,0,0
245,0.959707,3.17216,0,0,0,0,0,0
246,0.962149,3.15263,0,0,0,0,0,0
247,0.940171,3.17705,0,0,0,0,0,0
248,0.949939,3.18193,0,0,0,0,0,0
249,0.959707,3.19658,0,0,0,0,0,0
250,0.949939,3.18926,0,0,0,0,0,0
1,0.903541,3.18926,0,0,0,0,0,0
2,0.935287,3.20391,0,0,0,0,0,0
3,0.932845,3.19414,0,0,0,0,0,0
4,0.940171,3.19414,0,0,0,0,0,0
5,0.962149,3.20635,0,0,0,0,0,0
6,0.949939,3.21612,0,0,0,0,0,0
7,0.967033,3.22833,0,0,0,0,0,0
8,0.949939,3.22589,0,0,0,0,0,0
9,0.964591,3.21368,0,0,0,0,0,0
10,0.967033,3.20879,0,0,0,0,0,0
11,0.967033,3.20635,0,0,0,0,0,0
12,0.945055,3.18437,0,0,0,0,0,0
13,0.957265,3.20391,0,0,0,0,0,0
14,0.947497,3.20147,0,0,0,0,0,0
15,0.942613,3.20635,0,0,0,0,0,0
16,0.957265,3.21368,0,0,0,0,0,0
17,0.952381,3.22589,0,0,0,0,0,0
18,0.976801,3.21368,0,0,0,0,0,0
19,0.959707,3.17949,0,0,0,0,0,0
20,0.979243,3.2674,0,0,0,0,0,0
21,0.981685,3.22589,0,0,0,0,0,0
22,0.976801,3.21856,0,0,0,0,0,0
23,0.969475,3.21856,0,0,0,0,0,0
24,0.940171,3.2381,0,0,0,0,0,0
25,0.957265,3.24298,0,0,0,0,0,0
26,0.967033,3.27228,0,0,0,0,0,0
27,0.967033,3.24786,0,0,0,0,0,0
28,0.967033,3.22344,0,0,0,0,0,0
29,0.962149,3.23565,0,0,0,0,0,0
30,0.949939,3.23565,0,0,0,0,0,0
31,0.952381,3.23565,0,0,0,0,0,0
32,0.942613,3.25763,0,0,0,0,0,0
33,0.935287,3.22344,0,0,0,0,0,0
34,0.942613,3.23321,0,0,0,0,0,0
35,0.930403,3.24786,0,0,0,0,0,0
36,0.942613,3.25275,0,0,0,0,0,0
37,0.952381,3.25031,0,0,0,0,0,0
38,0.949939,3.27228,0,0,0,0,0,0
39,0.942613,3.2381,0,0,0,0,0,0
40,0.949939,3.22833,0,0,0,0,0,0
41,0.935287,3.28449,0,0,0,0,0,0
42,0.952381,3.24298,0,0,0,0,0,0
43,0.962149,3.26984,0,0,0,0,0,0
44,0.957265,3.26252,0,0,0,0,0,0
45,0.947497,3.3138,0,0,0,0,0,0
46,0.959707,3.26007,0,0,0,0,0,0
47,0.903541,3.26007,0,0,0,0,0,0
48,0.957265,3.30647,0,0,0,0,0,0
49,0.962149,3.30891,0,0,0,0,0,0
50,0.949939,3.26496,0,0,0,0,0,0
51,0.962149,3.2674,0,0,0,0,0,0
52,0.935287,3.28694,0,0,0,0,0,0
53,0.952381,3.27473,0,0,0,0,0,0
54,0.967033,3.26984,0,0,0,0,0,0
55,0.967033,3.25763,0,0,0,0,0,0
56,0.959707,3.27717,0,0,0,0,0,0
57,0.937729,3.27717,0,0,0,0,0,0
58,0.937729,3.2674,0,0,0,0,0,0
59,0.952381,3.26496,0,0,0,0,0,0
60,0.981685,3.28694,0,0,0,0,0,0
61,0.969475,3.27717,0,0,0,0,0,0
62,0.989011,3.3138,0,0,0,0,0,0
63,0.976801,3.32112,0,0,0,0,0,0
64,0.991453,3.28694,0,0,0,0,0,0
65,0.984127,3.27228,0,0,0,0,0,0
66,0.981685,3.30403,0,0,0,0,0,0
67,0.974359,3.29915,0,0,0,0,0,0
68,0.979243,3.31624,0,0,0,0,0,0
69,0.976801,3.3138,0,0,0,0,0,0
70,0.949939,3.28205,0,0,0,0,0,0
71,0.937729,3.26007,0,0,0,0,0,0
72,0.945055,3.29426,0,0,0,0,0,0
73,0.959707,3.29915,0,0,0,0,0,0
74,0.876679,3.30403,0,0,0,0,0,0
75,0.984127,3.33333,0,0,0,0,0,0
76,0.962149,3.26007,0,0,0,0,0,0
77,0.954823,3.26252,0,0,0,0,0,0
78,0.942613,3.30647,0,0,0,0,0,0
79,0.932845,3.31624,0,0,0,0,0,0
80,0.945055,3.32112,0,0,0,0,0,0
81,0.964591,3.32112,0,0,0,0,0,0
82,0.974359,3.31624,0,0,0,0,0,0
83,0.952381,3.32112,0,0,0,0,0,0
84,0.959707,3.33089,0,0,0,0,0,0
85,0.949939,3.29915,0,0,0,0,0,0
86,0.962149,3.34066,0,0,0,0,0,0
87,0.962149,3.30891,0,0,0,0,0,0
88,0.945055,3.31136,0,0,0,0,0,0
89,0.932845,3.27473,0,0,0,0,0,0
90,0.925519,3.32601,0,0,0,0,0,0
91,0.930403,3.29426,0,0,0,0,0,0
92,0.918193,3.30159,0,0,0,0,0,0
93,0.952381,3.32112,0,0,0,0,0,0
94,0.735043,3.31868,0,0,0,0,0,0
95,0.935287,3.32845,0,0,0,0,0,0
96,0.940171,3.31136,0,0,0,0,0,0
97,0.962149,3.33333,0,0,0,0,0,0
98,0.976801,3.3431,0,0,0,0,0,0
99,0.949939,3.3431,0,0,0,0,0,0
100,0.971917,3.34066,0,0,0,0,0,0
101,0.954823,3.34066,0,0,0,0,0,0
102,0.974359,3.3431,0,0,0,0,0,0
103,0.959707,3.29182,0,0,0,0,0,0
104,0.976801,3.33822,0,0,0,0,0,0
105,0.954823,3.33578,0,0,0,0,0,0
106,0.981685,3.33578,0,0,0,0,0,0
107,0.962149,3.33333,0,0,0,0,0,0
108,0.967033,3.3602,0,0,0,0,0,0
109,0.969475,3.33333,0,0,0,0,0,0
110,0.969475,3.32601,0,0,0,0,0,0
111,0.962149,3.29426,0,0,0,0,0,0
112,0.976801,3.33822,0,0,0,0,0,0
113,0.959707,3.34554,0,0,0,0,0,0
114,0.969475,3.33822,0,0,0,0,0,0
115,0.989011,3.38217,0,0,0,0,0,0
116,0.969475,3.34799,0,0,0,0,0,0
117,0.962149,3.39927,0,0,0,0,0,0
118,0.962149,3.36752,0,0,0,0,0,0
119,0.986569,3.36996,0,0,0,0,0,0
120,0.976801,3.35531,0,0,0,0,0,0
121,0.964591,3.34554,0,0,0,0,0,0
122,0.954823,3.35287,0,0,0,0,0,0
123,0.947497,3.33822,0,0,0,0,0,0
124,0.952381,3.36508,0,0,0,0,0,0
125,0.947497,3.34066,0,0,0,0,0,0
126,0.952381,3.3602,0,0,0,0,0,0
127,0.935287,3.34799,0,0,0,0,0,0
128,0.942613,3.34066,0,0,0,0,0,0
129,0.935287,3.37241,0,0,0,0,0,0
130,0.959707,3.39194,0,0,0,0,0,0
131,0.964591,3.36752,0,0,0,0,0,0
132,0.957265,3.39194,0,0,0,0,0,0
133,0.952381,3.36264,0,0,0,0,0,0
134,0.967033,3.38217,0,0,0,0,0,0
135,0.952381,3.36508,0,0,0,0,0,0
136,0.976801,3.35531,0,0,0,0,0,0
137,0.979243,3.3895,0,0,0,0,0,0
138,0.976801,3.39438,0,0,0,0,0,0
139,0.986569,3.39683,0,0,0,0,0,0
140,0.964591,3.39927,0,0,0,0,0,0
141,0.981685,3.39683,0,0,0,0,0,0
142,0.981685,3.39683,0,0,0,0,0,0
143,0.969475,3.38462,0,0,0,0,0,0
144,0.949939,3.38217,0,0,0,0,0,0
145,0.962149,3.40659,0,0,0,0,0,0
146,0.959707,3.38462,0,0,0,0,0,0
147,0.969475,3.3895,0,0,0,0,0,0
148,0.979243,3.39194,0,0,0,0,0,0
149,0.949939,3.39438,0,0,0,0,0,0
150,0.962149,3.40415,0,0,0,0,0,0
151,0.959707,3.39438,0,0,0,0,0,0
152,0.957265,3.3895,0,0,0,0,0,0
153,0.949939,3.41392,0,0,0,0,0,0
154,0.954823,3.39927,0,0,0,0,0,0
155,0.959707,3.42125,0,0,0,0,0,0
156,0.952381,3.40415,0,0,0,0,0,0
157,0.942613,3.39927,0,0,0,0,0,0
158,0.952381,3.36996,0,0,0,0,0,0
159,0.964591,3.42369,0,0,0,0,0,0
160,0.962149,3.37973,0,0,0,0,0,0
161,0.959707,3.38462,0,0,0,0,0,0
162,0.937729,3.42125,0,0,0,0,0,0
163,0.945055,3.41392,0,0,0,0,0,0
164,0.937729,3.39438,0,0,0,0,0,0
165,0.945055,3.43101,0,0,0,0,0,0
166,0.945055,3.41148,0,0,0,0,0,0
167,0.942613,3.4359,0,0,0,0,0,0
168,0.957265,3.4359,0,0,0,0,0,0
169,0.959707,3.45543,0,0,0,0,0,0
170,0.981685,3.42857,0,0,0,0,0,0
171,0.979243,3.43834,0,0,0,0,0,0
172,0.984127,3.43101,0,0,0,0,0,0
173,0.981685,3.47741,0,0,0,0,0,0
174,1.00366,3.4359,0,0,0,0,0,0
175,1.00366,3.42125,0,0,0,0,0,0
176,0.989011,3.46764,0,0,0,0,0,0
177,0.976801,3.44811,0,0,0,0,0,0
178,0.981685,3.46276,0,0,0,0,0,0
179,0.959707,3.44567,0,0,0,0,0,0
180,0.967033,3.43346,0,0,0,0,0,0
181,0.957265,3.43346,0,0,0,0,0,0
182,0.957265,3.44322,0,0,0,0,0,0
183,0.957265,3.44567,0,0,0,0,0,0
184,0.837607,3.42613,0,0,0,0,0,0
185,0.964591,3.47009,0,0,0,0,0,0
186,0.959707,3.45543,0,0,0,0,0,0
187,0.935287,3.43834,0,0,0,0,0,0
188,0.935287,3.50427,0,0,0,0,0,0
189,0.940171,3.46276,0,0,0,0,0,0
190,0.947497,3.45055,0,0,0,0,0,0
191,0.947497,3.4359,0,0,0,0,0,0
192,0.962149,3.47985,0,0,0,0,0,0
193,0.969475,3.4359,0,0,0,0,0,0
194,0.971917,3.48474,0,0,0,0,0,0
195,0.945055,3.46276,0,0,0,0,0,0
196,0.962149,3.4652,0,0,0,0,0,0
197,0.969475,3.48474,0,0,0,0,0,0
198,0.949939,3.46276,0,0,0,0,0,0
199,0.957265,3.48962,0,0,0,0,0,0
200,0.957265,3.47741,0,0,0,0,0,0
201,0.957265,3.45788,0,0,0,0,0,0
202,0.940171,3.46276,0,0,0,0,0,0
203,0.971917,3.48718,0,0,0,0,0,0
204,1.00366,3.47497,0,0,0,0,0,0
205,0.981685,3.45543,0,0,0,0,0,0
206,0.962149,3.47009,0,0,0,0,0,0
207,1.00611,3.4823,0,0,0,0,0,0
208,0.986569,3.46764,0,0,0,0,0,0
209,0.984127,3.47253,0,0,0,0,0,0
210,0.986569,3.48474,0,0,0,0,0,0
211,0.984127,3.5409,0,0,0,0,0,0
212,0.962149,3.47741,0,0,0,0,0,0
213,0.967033,3.47741,0,0,0,0,0,0
214,0.971917,3.48962,0,0,0,0,0,0
215,0.969475,3.49206,0,0,0,0,0,0
216,0.976801,3.4652,0,0,0,0,0,0
217,0.949939,3.4652,0,0,0,0,0,0
218,0.962149,3.47253,0,0,0,0,0,0
219,0.957265,3.47253,0,0,0,0,0,0
220,0.945055,3.48718,0,0,0,0,0,0
221,0.940171,3.47741,0,0,0,0,0,0
222,0.959707,3.48962,0,0,0,0,0,0
223,0.947497,3.47009,0,0,0,0,0,0
224,0.830281,3.39438,0,0,0,0,0,0
225,0.957265,3.29182,0,0,0,0,0,0
226,0.937729,3.28449,0,0,0,0,0,0
227,0.918193,3.29426,0,0,0,0,0,0
228,0.952381,3.34066,0,0,0,0,0,0
229,0.952381,3.35531,0,0,0,0,0,0
230,0.954823,3.38217,0,0,0,0,0,0
231,0.947497,3.40415,0,0,0,0,0,0
232,0.952381,3.40904,0,0,0,0,0,0
233,0.959707,3.41636,0,0,0,0,0,0
234,0.967033,3.43346,0,0,0,0,0,0
235,0.969475,3.43834,0,0,0,0,0,0
236,0.976801,3.44322,0,0,0,0,0,0
237,0.949939,3.45788,0,0,0,0,0,0
238,0.964591,3.45299,0,0,0,0,0,0
239,0.945055,3.46276,0,0,0,0,0,0
240,0.976801,3.48718,0,0,0,0,0,0
241,0.984127,3.4652,0,0,0,0,0,0
242,0.974359,3.45299,0,0,0,0,0,0
243,0.969475,3.47009,0,0,0,0,0,0
244,0.971917,3.49695,0,0,0,0,0,0
245,0.981685,3.48962,0,0,0,0,0,0
246,0.979243,3.49939,0,0,0,0,0,0
247,1.01832,3.52137,0,0,0,0,0,0
248,0.976801,3.55556,0,0,0,0,0,0
249,0.976801,3.50916,0,0,0,0,0,0
250,0.954823,3.50916,0,0,0,0,0,0
1,0.974359,3.53358,0,0,0,0,0,0
2,0.976801,3.53358,0,0,0,0,0,0
3,0.964591,3.52137,0,0,0,0,0,0
4,0.952381,3.57021,0,0,0,0,0,0
5,0.942613,3.52625,0,0,0,0,0,0
6,0.927961,3.50183,0,0,0,0,0,0
7,0.935287,3.50916,0,0,0,0,0,0
8,0.952381,3.5116,0,0,0,0,0,0
9,0.949939,3.56288,0,0,0,0,0,0
10,0.962149,3.52137,0,0,0,0,0,0
11,0.940171,3.558,0,0,0,0,0,0
12,0.971917,3.53602,0,0,0,0,0,0
13,0.974359,3.54335,0,0,0,0,0,0
14,0.959707,3.5116,0,0,0,0,0,0
15,0.967033,3.53602,0,0,0,0,0,0
16,0.969475,3.57021,0,0,0,0,0,0
17,1.00122,3.55556,0,0,0,0,0,0
18,0.974359,3.53846,0,0,0,0,0,0
19,1.00366,3.558,0,0,0,0,0,0
20,0.979243,3.558,0,0,0,0,0,0
21,0.989011,3.55556,0,0,0,0,0,0
22,1.00122,3.56777,0,0,0,0,0,0
23,0.940171,3.57998,0,0,0,0,0,0
24,0.942613,3.57021,0,0,0,0,0,0
25,0.942613,3.52625,0,0,0,0,0,0
26,0.937729,3.55556,0,0,0,0,0,0
27,0.945055,3.63126,0,0,0,0,0,0
28,0.949939,3.56777,0,0,0,0,0,0
29,0.947497,3.59707,0,0,0,0,0,0
30,0.954823,3.57998,0,0,0,0,0,0
31,0.949939,3.558,0,0,0,0,0,0
32,0.964591,3.5873,0,0,0,0,0,0
33,0.940171,3.57753,0,0,0,0,0,0
34,0.971917,3.57265,0,0,0,0,0,0
35,0.971917,3.57998,0,0,0,0,0,0
36,0.971917,3.57265,0,0,0,0,0,0
37,0.744811,3.58974,0,0,0,0,0,0
38,0.976801,3.58974,0,0,0,0,0,0
39,0.959707,3.59463,0,0,0,0,0,0
40,0.971917,3.61416,0,0,0,0,0,0
41,0.989011,3.56532,0,0,0,0,0,0
42,0.984127,3.64835,0,0,0,0,0,0
43,0.986569,3.60195,0,0,0,0,0,0
44,0.935287,3.59951,0,0,0,0,0,0
45,0.974359,3.62149,0,0,0,0,0,0
46,0.971917,3.60195,0,0,0,0,0,0
47,0.959707,3.57753,0,0,0,0,0,0
48,0.947497,3.5873,0,0,0,0,0,0
49,0.947497,3.59219,0,0,0,0,0,0
50,0.942613,3.59951,0,0,0,0,0,0
51,0.935287,3.59219,0,0,0,0,0,0
52,0.969475,3.60928,0,0,0,0,0,0
53,0.967033,3.61661,0,0,0,0,0,0
54,0.971917,3.60684,0,0,0,0,0,0
55,0.974359,3.61661,0,0,0,0,0,0
56,0.979243,3.62149,0,0,0,0,0,0
57,0.876679,3.62637,0,0,0,0,0,0
58,0.984127,3.59463,0,0,0,0,0,0
59,0.969475,3.61416,0,0,0,0,0,0
60,0.969475,3.61416,0,0,0,0,0,0
61,0.959707,3.60928,0,0,0,0,0,0
62,0.962149,3.60195,0,0,0,0,0,0
63,0.989011,3.63126,0,0,0,0,0,0
64,0.971917,3.61416,0,0,0,0,0,0
65,0.979243,3.64103,0,0,0,0,0,0
66,0.957265,3.62637,0,0,0,0,0,0
67,0.969475,3.64103,0,0,0,0,0,0
68,0.971917,3.63858,0,0,0,0,0,0
69,0.959707,3.61905,0,0,0,0,0,0
70,0.952381,3.62882,0,0,0,0,0,0
71,0.954823,3.69963,0,0,0,0,0,0
72,0.957265,3.61661,0,0,0,0,0,0
73,0.945055,3.60928,0,0,0,0,0,0
74,0.979243,3.63614,0,0,0,0,0,0
75,0.971917,3.62882,0,0,0,0,0,0
76,0.986569,3.65079,0,0,0,0,0,0
77,0.923077,3.6337,0,0,0,0,0,0
78,0.981685,3.63614,0,0,0,0,0,0
79,0.981685,3.62393,0,0,0,0,0,0
80,0.969475,3.65324,0,0,0,0,0,0
81,0.964591,3.62637,0,0,0,0,0,0
82,0.971917,3.68987,0,0,0,0,0,0
83,0.981685,3.64347,0,0,0,0,0,0
84,0.967033,3.62882,0,0,0,0,0,0
85,0.986569,3.63858,0,0,0,0,0,0
86,0.981685,3.63614,0,0,0,0,0,0
87,0.976801,3.63858,0,0,0,0,0,0
88,0.971917,3.62637,0,0,0,0,0,0
89,0.979243,3.62882,0,0,0,0,0,0
90,0.993895,3.66056,0,0,0,0,0,0
91,0.969475,3.66789,0,0,0,0,0,0
92,0.954823,3.65568,0,0,0,0,0,0
93,0.937729,3.67277,0,0,0,0,0,0
94,0.952381,3.63858,0,0,0,0,0,0
95,0.932845,3.64103,0,0,0,0,0,0
96,0.969475,3.67277,0,0,0,0,0,0
97,0.893773,3.65568,0,0,0,0,0,0
98,0.969475,3.6337,0,0,0,0,0,0
99,0.945055,3.64103,0,0,0,0,0,0
100,0.971917,3.65324,0,0,0,0,0,0
101,0.971917,3.66545,0,0,0,0,0,0
102,0.981685,3.6337,0,0,0,0,0,0
103,0.969475,3.64347,0,0,0,0,0,0
104,0.986569,3.64103,0,0,0,0,0,0
105,0.940171,3.64835,0,0,0,0,0,0
106,0.959707,3.64347,0,0,0,0,0,0
107,0.976801,3.72405,0,0,0,0,0,0
108,0.976801,3.68987,0,0,0,0,0,0
109,0.991453,3.67277,0,0,0,0,0,0
110,0.954823,3.65568,0,0,0,0,0,0
111,0.971917,3.69475,0,0,0,0,0,0
112,0.971917,3.68498,0,0,0,0,0,0
113,0.962149,3.67766,0,0,0,0,0,0
114,0.940171,3.68254,0,0,0,0,0,0
115,0.947497,3.68987,0,0,0,0,0,0
116,0.920635,3.663,0,0,0,0,0,0
117,0.849817,3.64835,0,0,0,0,0,0
118,0.962149,3.6801,0,0,0,0,0,0
119,0.967033,3.66056,0,0,0,0,0,0
120,0.984127,3.64835,0,0,0,0,0,0
121,0.962149,3.68498,0,0,0,0,0,0
122,0.986569,3.67277,0,0,0,0,0,0
123,0.991453,3.68254,0,0,0,0,0,0
124,0.993895,3.68254,0,0,0,0,0,0
125,0.991453,3.68742,0,0,0,0,0,0
126,1.00122,3.70696,0,0,0,0,0,0
127,0.989011,3.72161,0,0,0,0,0,0
128,0.979243,3.71184,0,0,0,0,0,0
129,0.996337,3.68254,0,0,0,0,0,0
130,0.989011,3.69963,0,0,0,0,0,0
131,0.981685,3.68498,0,0,0,0,0,0
132,0.964591,3.68498,0,0,0,0,0,0
133,0.971917,3.69963,0,0,0,0,0,0
134,0.986569,3.69963,0,0,0,0,0,0
135,0.952381,3.68254,0,0,0,0,0,0
136,0.942613,3.74603,0,0,0,0,0,0
137,0.937729,3.72161,0,0,0,0,0,0
138,0.952381,3.70452,0,0,0,0,0,0
139,0.930403,3.68742,0,0,0,0,0,0
140,0.979243,3.72405,0,0,0,0,0,0
141,0.952381,3.72405,0,0,0,0,0,0
142,0.979243,3.71917,0,0,0,0,0,0
143,0.981685,3.76557,0,0,0,0,0,0
144,1.00611,3.72405,0,0,0,0,0,0
145,1.00855,3.73871,0,0,0,0,0,0
146,1.00122,3.73626,0,0,0,0,0,0
147,0.989011,3.71673,0,0,0,0,0,0
148,0.991453,3.76557,0,0,0,0,0,0
149,1.01343,3.71429,0,0,0,0,0,0
150,0.976801,3.74603,0,0,0,0,0,0
151,0.991453,3.70696,0,0,0,0,0,0
152,0.964591,3.72894,0,0,0,0,0,0
153,0.964591,3.71429,0,0,0,0,0,0
154,0.940171,3.73138,0,0,0,0,0,0
155,0.976801,3.73382,0,0,0,0,0,0
156,0.969475,3.73382,0,0,0,0,0,0
157,0.964591,3.73871,0,0,0,0,0,0
158,0.949939,3.72894,0,0,0,0,0,0
159,0.930403,3.75336,0,0,0,0,0,0
160,0.967033,3.73626,0,0,0,0,0,0
161,0.986569,3.74847,0,0,0,0,0,0
162,1.00122,3.75824,0,0,0,0,0,0
163,0.996337,3.78755,0,0,0,0,0,0
164,1.00611,3.75092,0,0,0,0,0,0
165,0.981685,3.77534,0,0,0,0,0,0
166,0.996337,3.73871,0,0,0,0,0,0
167,1.01099,3.76557,0,0,0,0,0,0
168,1.00366,3.73382,0,0,0,0,0,0
169,0.937729,3.73626,0,0,0,0,0,0
170,0.962149,3.77045,0,0,0,0,0,0
171,0.957265,3.71429,0,0,0,0,0,0
172,0.952381,3.7558,0,0,0,0,0,0
173,0.981685,3.76068,0,0,0,0,0,0
174,0.967033,3.74359,0,0,0,0,0,0
175,0.976801,3.77534,0,0,0,0,0,0
176,0.959707,3.8022,0,0,0,0,0,0
177,0.989011,3.75336,0,0,0,0,0,0
178,0.989011,3.78266,0,0,0,0,0,0
179,0.991453,3.7558,0,0,0,0,0,0
180,0.981685,3.77534,0,0,0,0,0,0
181,0.993895,3.80464,0,0,0,0,0,0
182,0.976801,3.78266,0,0,0,0,0,0
183,0.981685,3.80952,0,0,0,0,0,0
184,1.00855,3.79731,0,0,0,0,0,0
185,1.00366,3.75824,0,0,0,0,0,0
186,1.01343,3.79243,0,0,0,0,0,0
187,0.993895,3.79243,0,0,0,0,0,0
188,1.01099,3.7851,0,0,0,0,0,0
189,0.979243,3.77045,0,0,0,0,0,0
190,0.979243,3.80464,0,0,0,0,0,0
191,0.952381,3.77778,0,0,0,0,0,0
192,0.971917,3.78266,0,0,0,0,0,0
193,0.964591,3.78266,0,0,0,0,0,0
194,0.962149,3.78755,0,0,0,0,0,0
195,0.976801,3.8022,0,0,0,0,0,0
196,0.969475,3.77289,0,0,0,0,0,0
197,0.984127,3.78755,0,0,0,0,0,0
198,0.971917,3.81685,0,0,0,0,0,0
199,0.996337,3.82173,0,0,0,0,0,0
200,1.00122,3.79243,0,0,0,0,0,0
201,0.991453,3.81441,0,0,0,0,0,0
202,0.984127,3.78266,0,0,0,0,0,0
203,0.969475,3.80952,0,0,0,0,0,0
204,0.986569,3.80708,0,0,0,0,0,0
205,1.00122,3.78022,0,0,0,0,0,0
206,1.00611,3.78022,0,0,0,0,0,0
207,0.991453,3.78266,0,0,0,0,0,0
208,0.998779,3.77778,0,0,0,0,0,0
209,0.986569,3.80708,0,0,0,0,0,0
210,0.998779,3.78999,0,0,0,0,0,0
211,0.986569,3.8022,0,0,0,0,0,0
212,0.984127,3.80708,0,0,0,0,0,0
213,0.967033,3.79243,0,0,0,0,0,0
214,0.969475,3.82418,0,0,0,0,0,0
215,0.981685,3.81197,0,0,0,0,0,0
216,0.976801,3.83394,0,0,0,0,0,0
217,1.00611,3.80952,0,0,0,0,0,0
218,0.986569,3.79243,0,0,0,0,0,0
219,0.986569,3.82173,0,0,0,0,0,0
220,0.969475,3.8022,0,0,0,0,0,0
221,0.984127,3.84127,0,0,0,0,0,0
222,0.991453,3.7851,0,0,0,0,0,0
223,0.967033,3.81929,0,0,0,0,0,0
224,0.969475,3.79243,0,0,0,0,0,0
225,0.959707,3.77289,0,0,0,0,0,0
226,0.967033,3.80708,0,0,0,0,0,0
227,0.976801,3.81197,0,0,0,0,0,0
228,1.00122,3.81929,0,0,0,0,0,0
229,0.989011,3.82173,0,0,0,0,0,0
230,1.00366,3.81197,0,0,0,0,0,0
231,0.984127,3.82173,0,0,0,0,0,0
232,1.00611,3.87057,0,0,0,0,0,0
233,1.01343,3.8315,0,0,0,0,0,0
234,1.01832,3.82906,0,0,0,0,0,0
235,0.979243,3.8315,0,0,0,0,0,0
236,0.984127,3.85104,0,0,0,0,0,0
237,0.981685,3.80952,0,0,0,0,0,0
238,0.976801,3.83883,0,0,0,0,0,0
239,0.984127,3.8486,0,0,0,0,0,0
240,1.00366,3.83639,0,0,0,0,0,0
241,0.986569,3.82906,0,0,0,0,0,0
242,0.976801,3.83639,0,0,0,0,0,0
243,0.969475,3.81685,0,0,0,0,0,0
244,0.969475,3.84371,0,0,0,0,0,0
245,0.964591,3.8315,0,0,0,0,0,0
246,0.947497,3.83639,0,0,0,0,0,0
247,0.947497,3.85592,0,0,0,0,0,0
248,0.967033,3.85104,0,0,0,0,0,0
249,0.957265,3.84371,0,0,0,0,0,0
250,0.991453,3.85836,0,0,0,0,0,0
1,0.986569,3.85592,0,0,0,0,0,0
2,1.01343,3.85836,0,0,0,0,0,0
3,0.991453,3.85104,0,0,0,0,0,0
4,1.01343,3.83639,0,0,0,0,0,0
5,1.01832,3.85836,0,0,0,0,0,0
6,1.00855,3.86325,0,0,0,0,0,0
7,1.00855,3.86325,0,0,0,0,0,0
8,0.993895,3.88523,0,0,0,0,0,0
9,0.979243,3.87302,0,0,0,0,0,0
10,0.967033,3.85592,0,0,0,0,0,0
11,0.964591,3.87302,0,0,0,0,0,0
12,0.969475,3.85592,0,0,0,0,0,0
13,0.967033,3.85104,0,0,0,0,0,0
14,0.959707,3.87546,0,0,0,0,0,0
15,0.974359,3.88034,0,0,0,0,0,0
16,0.974359,3.85836,0,0,0,0,0,0
17,0.967033,3.85592,0,0,0,0,0,0
18,0.952381,3.86813,0,0,0,0,0,0
19,0.949939,3.88523,0,0,0,0,0,0
20,0.942613,3.89744,0,0,0,0,0,0
21,0.962149,3.91697,0,0,0,0,0,0
22,0.993895,3.9243,0,0,0,0,0,0
23,0.984127,3.93407,0,0,0,0,0,0
24,0.986569,3.89255,0,0,0,0,0,0
25,0.981685,3.90476,0,0,0,0,0,0
26,0.979243,3.88278,0,0,0,0,0,0
27,0.981685,3.89011,0,0,0,0,0,0
28,0.969475,3.87302,0,0,0,0,0,0
29,0.984127,3.88034,0,0,0,0,0,0
30,0.974359,3.90476,0,0,0,0,0,0
31,0.967033,3.88278,0,0,0,0,0,0
32,0.952381,3.86813,0,0,0,0,0,0
33,0.981685,3.89255,0,0,0,0,0,0
34,0.971917,3.89988,0,0,0,0,0,0
35,0.979243,3.88034,0,0,0,0,0,0
36,0.957265,3.91209,0,0,0,0,0,0
37,0.979243,3.90476,0,0,0,0,0,0
38,0.969475,3.89255,0,0,0,0,0,0
39,0.974359,3.93407,0,0,0,0,0,0
40,0.967033,3.8779,0,0,0,0,0,0
41,0.957265,3.90476,0,0,0,0,0,0
42,0.952381,3.91697,0,0,0,0,0,0
43,0.937729,3.90232,0,0,0,0,0,0
44,0.971917,3.93407,0,0,0,0,0,0
45,0.971917,3.92186,0,0,0,0,0,0
46,0.979243,3.91941,0,0,0,0,0,0
47,0.947497,3.90965,0,0,0,0,0,0
48,0.962149,3.90965,0,0,0,0,0,0
49,0.979243,3.92186,0,0,0,0,0,0
50,0.967033,3.91453,0,0,0,0,0,0
51,0.957265,3.91209,0,0,0,0,0,0
52,0.964591,3.93407,0,0,0,0,0,0
53,0.974359,3.92186,0,0,0,0,0,0
54,0.984127,3.90232,0,0,0,0,0,0
55,0.993895,3.93407,0,0,0,0,0,0
56,0.991453,3.92918,0,0,0,0,0,0
57,0.962149,3.93407,0,0,0,0,0,0
58,0.971917,3.95604,0,0,0,0,0,0
59,0.967033,3.94628,0,0,0,0,0,0
60,0.959707,3.96581,0,0,0,0,0,0
61,0.959707,3.92674,0,0,0,0,0,0
62,0.959707,3.95116,0,0,0,0,0,0
63,0.949939,3.9536,0,0,0,0,0,0
64,0.947497,3.93895,0,0,0,0,0,0
65,0.935287,3.91697,0,0,0,0,0,0
66,0.952381,3.92674,0,0,0,0,0,0
67,0.957265,3.92918,0,0,0,0,0,0
68,0.959707,3.95849,0,0,0,0,0,0
69,0.947497,3.95116,0,0,0,0,0,0
70,0.976801,3.95849,0,0,0,0,0,0
71,0.976801,3.94872,0,0,0,0,0,0
72,0.969475,3.94383,0,0,0,0,0,0
73,0.969475,3.93407,0,0,0,0,0,0
74,0.969475,3.97802,0,0,0,0,0,0
75,0.974359,3.96093,0,0,0,0,0,0
76,0.981685,3.98046,0,0,0,0,0,0
77,1.00122,3.9707,0,0,0,0,0,0
78,0.947497,3.96337,0,0,0,0,0,0
79,0.971917,3.9536,0,0,0,0,0,0
80,0.967033,3.97802,0,0,0,0,0,0
81,0.969475,3.96337,0,0,0,0,0,0
82,0.959707,3.94872,0,0,0,0,0,0
83,0.945055,3.92918,0,0,0,0,0,0
84,0.927961,3.95604,0,0,0,0,0,0
85,0.937729,3.96337,0,0,0,0,0,0
86,0.932845,3.96093,0,0,0,0,0,0
87,0.942613,3.93651,0,0,0,0,0,0
88,0.952381,3.95849,0,0,0,0,0,0
89,0.964591,3.94628,0,0,0,0,0,0
90,0.967033,3.94383,0,0,0,0,0,0
91,0.962149,3.95604,0,0,0,0,0,0
92,0.981685,3.97802,0,0,0,0,0,0
93,0.984127,3.97558,0,0,0,0,0,0
94,0.893773,3.97802,0,0,0,0,0,0
95,0.981685,3.9707,0,0,0,0,0,0
96,0.979243,3.9536,0,0,0,0,0,0
97,0.930403,3.97802,0,0,0,0,0,0
98,0.952381,3.97314,0,0,0,0,0,0
99,0.967033,3.9707,0,0,0,0,0,0
100,0.957265,3.95604,0,0,0,0,0,0
101,0.937729,3.92918,0,0,0,0,0,0
102,0.945055,3.95116,0,0,0,0,0,0
103,0.930403,3.95604,0,0,0,0,0,0
104,0.932845,3.99023,0,0,0,0,0,0
105,0.942613,3.96581,0,0,0,0,0,0
106,0.932845,3.98046,0,0,0,0,0,0
107,0.935287,3.99512,0,0,0,0,0,0
108,0.949939,3.96581,0,0,0,0,0,0
109,0.949939,3.98291,0,0,0,0,0,0
110,0.974359,4.00488,0,0,0,0,0,0
111,0.969475,4.01221,0,0,0,0,0,0
112,0.996337,4.01709,0,0,0,0,0,0
113,0.976801,4.01709,0,0,0,0,0,0
114,0.991453,4.01221,0,0,0,0,0,0
115,0.993895,4.00488,0,0,0,0,0,0
116,0.964591,4.00244,0,0,0,0,0,0
117,0.959707,3.99023,0,0,0,0,0,0
118,0.949939,4.01465,0,0,0,0,0,0
119,0.927961,3.99512,0,0,0,0,0,0
120,0.937729,3.97802,0,0,0,0,0,0
121,0.947497,3.99267,0,0,0,0,0,0
122,0.947497,4.01221,0,0,0,0,0,0
123,0.957265,4,0,0,0,0,0,0
124,0.937729,4.00488,0,0,0,0,0,0
125,0.954823,4.00733,0,0,0,0,0,0
126,0.949939,4.01709,0,0,0,0,0,0
127,0.947497,3.99756,0,0,0,0,0,0
128,0.932845,4.03419,0,0,0,0,0,0
129,0.967033,4.04151,0,0,0,0,0,0
130,0.981685,4.0293,0,0,0,0,0,0
131,0.976801,4.0293,0,0,0,0,0,0
132,0.979243,4.01954,0,0,0,0,0,0
133,0.969475,4.01709,0,0,0,0,0,0
134,0.984127,4.00488,0,0,0,0,0,0
135,0.971917,4.01709,0,0,0,0,0,0
136,0.991453,4.01709,0,0,0,0,0,0
137,0.979243,3.99023,0,0,0,0,0,0
138,0.969475,3.98779,0,0,0,0,0,0
139,0.962149,3.97802,0,0,0,0,0,0
140,0.942613,4.02198,0,0,0,0,0,0
141,0.952381,4.00733,0,0,0,0,0,0
142,0.967033,4.01465,0,0,0,0,0,0
143,0.967033,4.02442,0,0,0,0,0,0
144,0.957265,4.01709,0,0,0,0,0,0
145,0.974359,4.02686,0,0,0,0,0,0
146,0.737485,4.02686,0,0,0,0,0,0
147,0.976801,4.03175,0,0,0,0,0,0
148,0.976801,4.03663,0,0,0,0,0,0
149,0.974359,4.02686,0,0,0,0,0,0
150,0.957265,4.02198,0,0,0,0,0,0
151,0.957265,4.04396,0,0,0,0,0,0
152,0.954823,4.00977,0,0,0,0,0,0
153,0.959707,4.01465,0,0,0,0,0,0
154,0.949939,4.00977,0,0,0,0,0,0
155,0.959707,4.00244,0,0,0,0,0,0
156,0.974359,4.00488,0,0,0,0,0,0
157,0.959707,4.01709,0,0,0,0,0,0
158,0.981685,4.02686,0,0,0,0,0,0
159,0.986569,4.03663,0,0,0,0,0,0
160,0.981685,4.0293,0,0,0,0,0,0
161,0.974359,4.01465,0,0,0,0,0,0
162,0.974359,4.05372,0,0,0,0,0,0
163,0.979243,4.04151,0,0,0,0,0,0
164,0.991453,4.05861,0,0,0,0,0,0
165,0.998779,4.05861,0,0,0,0,0,0
166,1.00611,4.05617,0,0,0,0,0,0
167,1.01832,4.05617,0,0,0,0,0,0
168,1.00366,4.07082,0,0,0,0,0,0
169,0.989011,4.06838,0,0,0,0,0,0
170,1.00611,4.05861,0,0,0,0,0,0
171,0.984127,4.05861,0,0,0,0,0,0
172,0.984127,4.03175,0,0,0,0,0,0
173,0.967033,4.06838,0,0,0,0,0,0
174,0.976801,4.04396,0,0,0,0,0,0
175,0.964591,4.05372,0,0,0,0,0,0
176,0.984127,4.06838,0,0,0,0,0,0
177,0.986569,4.0757,0,0,0,0,0,0
178,0.989011,4.07082,0,0,0,0,0,0
179,0.957265,4.08303,0,0,0,0,0,0
180,0.986569,4.06105,0,0,0,0,0,0
181,0.981685,4.08303,0,0,0,0,0,0
182,0.976801,4.08303,0,0,0,0,0,0
183,0.981685,4.08303,0,0,0,0,0,0
184,0.967033,4.11233,0,0,0,0,0,0
185,0.991453,4.08547,0,0,0,0,0,0
186,1.00855,4.07814,0,0,0,0,0,0
187,1.01343,4.0928,0,0,0,0,0,0
188,0.993895,4.0928,0,0,0,0,0,0
189,1.01587,4.09524,0,0,0,0,0,0
190,0.981685,4.0928,0,0,0,0,0,0
191,1.00611,4.09524,0,0,0,0,0,0
192,1.00611,4.07814,0,0,0,0,0,0
193,0.998779,4.07814,0,0,0,0,0,0
194,0.998779,4.09524,0,0,0,0,0,0
195,1.00122,4.10989,0,0,0,0,0,0
196,1.0232,4.0928,0,0,0,0,0,0
197,1.01099,4.09524,0,0,0,0,0,0
198,1.0232,4.09768,0,0,0,0,0,0
199,1.00366,4.10012,0,0,0,0,0,0
200,1.00855,4.10501,0,0,0,0,0,0
201,0.996337,4.10989,0,0,0,0,0,0
202,1.0232,4.13187,0,0,0,0,0,0
203,1.02564,4.12454,0,0,0,0,0,0
204,1.00611,4.10501,0,0,0,0,0,0
205,1.00366,4.11477,0,0,0,0,0,0
206,0.991453,4.13187,0,0,0,0,0,0
207,0.993895,4.10501,0,0,0,0,0,0
208,0.991453,4.10745,0,0,0,0,0,0
209,1.00611,4.11233,0,0,0,0,0,0
210,1.00122,4.10745,0,0,0,0,0,0
211,0.991453,4.10989,0,0,0,0,0,0
212,0.976801,4.10989,0,0,0,0,0,0
213,1.00366,4.11477,0,0,0,0,0,0
214,0.989011,4.11477,0,0,0,0,0,0
215,1.00855,4.10256,0,0,0,0,0,0
216,1.00611,4.10745,0,0,0,0,0,0
217,0.998779,4.12698,0,0,0,0,0,0
218,1.00611,4.11966,0,0,0,0,0,0
219,1.00122,4.13187,0,0,0,0,0,0
220,1.04029,4.13675,0,0,0,0,0,0
221,1.03785,4.13675,0,0,0,0,0,0
222,1.03541,4.14164,0,0,0,0,0,0
223,1.01343,4.13675,0,0,0,0,0,0
224,1.01587,4.13919,0,0,0,0,0,0
225,1.03297,4.14652,0,0,0,0,0,0
226,1.02808,4.13431,0,0,0,0,0,0
227,1.03297,4.1221,0,0,0,0,0,0
228,1.03053,4.11233,0,0,0,0,0,0
229,1.01587,4.10745,0,0,0,0,0,0
230,0.981685,4.11233,0,0,0,0,0,0
231,1.03297,4.11966,0,0,0,0,0,0
232,1.02076,4.12454,0,0,0,0,0,0
233,1.0232,4.12454,0,0,0,0,0,0
234,1.00366,4.11477,0,0,0,0,0,0
235,1.01587,4.10989,0,0,0,0,0,0
236,1.0232,4.11966,0,0,0,0,0,0
237,1.02076,4.1221,0,0,0,0,0,0
238,1.01343,4.13431,0,0,0,0,0,0
239,1.01343,4.15629,0,0,0,0,0,0
240,0.991453,4.13675,0,0,0,0,0,0
241,1.00366,4.13919,0,0,0,0,0,0
242,1.01832,4.16117,0,0,0,0,0,0
243,1.03053,4.1685,0,0,0,0,0,0
244,1.02808,4.14408,0,0,0,0,0,0
245,1.01587,4.14408,0,0,0,0,0,0
246,1.01587,4.16117,0,0,0,0,0,0
247,1.02076,4.1514,0,0,0,0,0,0
248,1.02808,4.16117,0,0,0,0,0,0
249,1.00611,4.14408,0,0,0,0,0,0
250,1.02076,4.15629,0,0,0,0,0,0
1,1.0232,4.14408,0,0,0,0,0,0
2,1.03541,4.14164,0,0,0,0,0,0
3,1.03053,4.14408,0,0,0,0,0,0
4,1.04762,4.14896,0,0,0,0,0,0
5,1.05739,4.14408,0,0,0,0,0,0
6,1.04518,4.16606,0,0,0,0,0,0
7,1.0696,4.17582,0,0,0,0,0,0
8,1.0696,4.1685,0,0,0,0,0,0
9,1.03297,4.17094,0,0,0,0,0,0
10,1.01587,4.17094,0,0,0,0,0,0
11,1.0232,4.19292,0,0,0,0,0,0
12,1.01587,4.16117,0,0,0,0,0,0
13,1.01587,4.16117,0,0,0,0,0,0
14,1.01099,4.15629,0,0,0,0,0,0
15,1.01343,4.17338,0,0,0,0,0,0
16,1.03785,4.17094,0,0,0,0,0,0
17,1.00366,4.18071,0,0,0,0,0,0
18,1.02808,4.18315,0,0,0,0,0,0
19,1.02564,4.18071,0,0,0,0,0,0
20,1.01587,4.17582,0,0,0,0,0,0
21,1.00855,4.18071,0,0,0,0,0,0
22,1.00611,4.19536,0,0,0,0,0,0
23,1.01587,4.18559,0,0,0,0,0,0
24,1.00611,4.19536,0,0,0,0,0,0
25,1.05006,4.20024,0,0,0,0,0,0
26,1.02564,4.19292,0,0,0,0,0,0
27,1.05006,4.20269,0,0,0,0,0,0
28,1.03053,4.20024,0,0,0,0,0,0
29,1.0525,4.20269,0,0,0,0,0,0
30,1.04518,4.20269,0,0,0,0,0,0
31,1.03785,4.18559,0,0,0,0,0,0
32,1.02808,4.18071,0,0,0,0,0,0
33,1.0232,4.20757,0,0,0,0,0,0
34,1.0232,4.20269,0,0,0,0,0,0
35,1.03541,4.19048,0,0,0,0,0,0
36,1.05495,4.20269,0,0,0,0,0,0
37,1.04762,4.21001,0,0,0,0,0,0
38,1.06227,4.21001,0,0,0,0,0,0
39,1.04274,4.21734,0,0,0,0,0,0
40,1.10379,4.20513,0,0,0,0,0,0
41,1.01832,4.23199,0,0,0,0,0,0
42,1.0525,4.21001,0,0,0,0,0,0
43,1.04029,4.21978,0,0,0,0,0,0
44,1.02808,4.23443,0,0,0,0,0,0
45,1.02076,4.22222,0,0,0,0,0,0
46,1.03541,4.21978,0,0,0,0,0,0
47,1.02564,4.22711,0,0,0,0,0,0
48,1.03053,4.21978,0,0,0,0,0,0
49,1.03053,4.21245,0,0,0,0,0,0
50,1.00122,4.22222,0,0,0,0,0,0
51,1.01099,4.23199,0,0,0,0,0,0
52,1.02564,4.2442,0,0,0,0,0,0
53,1.00611,4.24176,0,0,0,0,0,0
54,1.02076,4.2442,0,0,0,0,0,0
55,0.984127,4.25397,0,0,0,0,0,0
56,1.04029,4.24664,0,0,0,0,0,0
57,1.03297,4.22711,0,0,0,0,0,0
58,1.03297,4.25397,0,0,0,0,0,0
59,1.05495,4.26129,0,0,0,0,0,0
60,1.0525,4.26618,0,0,0,0,0,0
61,1.04029,4.26374,0,0,0,0,0,0
62,1.05983,4.24664,0,0,0,0,0,0
63,1.05495,4.25885,0,0,0,0,0,0
64,1.0525,4.24664,0,0,0,0,0,0
65,1.04518,4.25885,0,0,0,0,0,0
66,1.04029,4.26862,0,0,0,0,0,0
67,1.00855,4.23932,0,0,0,0,0,0
68,1.02076,4.23932,0,0,0,0,0,0
69,1.03541,4.24908,0,0,0,0,0,0
70,1.02564,4.24176,0,0,0,0,0,0
71,1.03785,4.26129,0,0,0,0,0,0
72,1.00611,4.25153,0,0,0,0,0,0
73,1.03297,4.24908,0,0,0,0,0,0
74,1.03053,4.26862,0,0,0,0,0,0
75,1.02076,4.24908,0,0,0,0,0,0
76,1.02076,4.24664,0,0,0,0,0,0
77,1.03053,4.28816,0,0,0,0,0,0
78,1.02076,4.27106,0,0,0,0,0,0
79,1.02076,4.26862,0,0,0,0,0,0
80,1.02808,4.26618,0,0,0,0,0,0
81,1.00611,4.27839,0,0,0,0,0,0
82,1.03785,4.26618,0,0,0,0,0,0
83,1.01832,4.25885,0,0,0,0,0,0
84,1.02808,4.26618,0,0,0,0,0,0
85,1.03785,4.24908,0,0,0,0,0,0
86,1.02076,4.21734,0,0,0,0,0,0
87,1.01343,4.23932,0,0,0,0,0,0
88,1.01587,4.27106,0,0,0,0,0,0
89,1.03785,4.25153,0,0,0,0,0,0
90,1.0232,4.24664,0,0,0,0,0,0
91,1.04518,4.26374,0,0,0,0,0,0
92,1.04029,4.26129,0,0,0,0,0,0
93,1.05495,4.28083,0,0,0,0,0,0
94,1.03541,4.27595,0,0,0,0,0,0
95,1.06471,4.27839,0,0,0,0,0,0
96,1.06227,4.28083,0,0,0,0,0,0
97,1.05739,4.27839,0,0,0,0,0,0
98,1.01587,4.27106,0,0,0,0,0,0
99,1.0232,4.29548,0,0,0,0,0,0
100,1.02808,4.28327,0,0,0,0,0,0
101,1.02564,4.2735,0,0,0,0,0,0
102,1.03785,4.28571,0,0,0,0,0,0
103,1.01587,4.27839,0,0,0,0,0,0
104,1.01099,4.26374,0,0,0,0,0,0
105,0.996337,4.28571,0,0,0,0,0,0
106,1.01099,4.30037,0,0,0,0,0,0
107,1.01587,4.30037,0,0,0,0,0,0
108,1.01343,4.29548,0,0,0,0,0,0
109,1.00611,4.29792,0,0,0,0,0,0
110,1.00366,4.31013,0,0,0,0,0,0
111,0.998779,4.31013,0,0,0,0,0,0
112,0.991453,4.30769,0,0,0,0,0,0
113,1.02564,4.31502,0,0,0,0,0,0
114,1.01832,4.32479,0,0,0,0,0,0
115,1.0525,4.32723,0,0,0,0,0,0
116,1.02076,4.30525,0,0,0,0,0,0
117,1.04518,4.31502,0,0,0,0,0,0
118,1.04274,4.31013,0,0,0,0,0,0
119,1.04029,4.30281,0,0,0,0,0,0
120,1.02808,4.30037,0,0,0,0,0,0
121,1.00855,4.29792,0,0,0,0,0,0
122,1.0232,4.31013,0,0,0,0,0,0
123,1.03541,4.30525,0,0,0,0,0,0
124,1.02808,4.3199,0,0,0,0,0,0
125,1.04274,4.32967,0,0,0,0,0,0
126,1.03541,4.32479,0,0,0,0,0,0
127,1.01343,4.32479,0,0,0,0,0,0
128,1.03053,4.337,0,0,0,0,0,0
129,1.03297,4.32967,0,0,0,0,0,0
130,1.0232,4.33455,0,0,0,0,0,0
131,1.01099,4.33211,0,0,0,0,0,0
132,1.01832,4.35653,0,0,0,0,0,0
133,1.02076,4.34432,0,0,0,0,0,0
134,1.01099,4.33211,0,0,0,0,0,0
135,1.01343,4.33944,0,0,0,0,0,0
136,1.01343,4.32967,0,0,0,0,0,0
137,1.0232,4.34432,0,0,0,0,0,0
138,1.00366,4.32967,0,0,0,0,0,0
139,1.01587,4.34188,0,0,0,0,0,0
140,1.00122,4.32479,0,0,0,0,0,0
141,0.996337,4.32234,0,0,0,0,0,0
142,0.989011,4.337,0,0,0,0,0,0
143,0.989011,4.35897,0,0,0,0,0,0
144,0.989011,4.34188,0,0,0,0,0,0
145,0.986569,4.34921,0,0,0,0,0,0
146,1.01343,4.36142,0,0,0,0,0,0
147,1.01587,4.34921,0,0,0,0,0,0
148,1.01587,4.36874,0,0,0,0,0,0
149,1.03541,4.3663,0,0,0,0,0,0
150,1.04518,4.36874,0,0,0,0,0,0
151,1.08913,4.37118,0,0,0,0,0,0
152,1.03541,4.35897,0,0,0,0,0,0
153,1.0232,4.34676,0,0,0,0,0,0
154,1.0232,4.38095,0,0,0,0,0,0
155,1.03053,4.35409,0,0,0,0,0,0
156,1.02076,4.34921,0,0,0,0,0,0
157,1.03053,4.3663,0,0,0,0,0,0
158,1.01832,4.36142,0,0,0,0,0,0
159,1.03541,4.35653,0,0,0,0,0,0
160,1.03053,4.37363,0,0,0,0,0,0
161,1.00122,4.37851,0,0,0,0,0,0
162,1.02076,4.37851,0,0,0,0,0,0
163,1.03541,4.37607,0,0,0,0,0,0
164,1.01587,4.38584,0,0,0,0,0,0
165,1.01587,4.38584,0,0,0,0,0,0
166,1.01099,4.39072,0,0,0,0,0,0
167,1.01587,4.3956,0,0,0,0,0,0
168,1.01832,4.40781,0,0,0,0,0,0
169,1.00366,4.41514,0,0,0,0,0,0
170,1.01587,4.40293,0,0,0,0,0,0
171,0.981685,4.40293,0,0,0,0,0,0
172,1.01099,4.41758,0,0,0,0,0,0
173,1.01343,4.40781,0,0,0,0,0,0
174,1.00366,4.3956,0,0,0,0,0,0
175,0.981685,4.40781,0,0,0,0,0,0
176,0.974359,4.40293,0,0,0,0,0,0
177,0.984127,4.38828,0,0,0,0,0,0
178,0.989011,4.40537,0,0,0,0,0,0
179,1.02076,4.41026,0,0,0,0,0,0
180,0.996337,4.41514,0,0,0,0,0,0
181,1.02076,4.42247,0,0,0,0,0,0
182,1.00855,4.42002,0,0,0,0,0,0
183,1.02076,4.42002,0,0,0,0,0,0
184,1.02564,4.42735,0,0,0,0,0,0
185,1.01832,4.41758,0,0,0,0,0,0
186,1.01587,4.42979,0,0,0,0,0,0
187,1.02808,4.45665,0,0,0,0,0,0
188,1.00122,4.42491,0,0,0,0,0,0
189,1.01343,4.41026,0,0,0,0,0,0
190,1.02564,4.42979,0,0,0,0,0,0
191,1.03053,4.42735,0,0,0,0,0,0
192,1.02564,4.43468,0,0,0,0,0,0
193,1.00122,4.41514,0,0,0,0,0,0
194,1.01587,4.43956,0,0,0,0,0,0
195,1.01587,4.42002,0,0,0,0,0,0
196,1.01832,4.42247,0,0,0,0,0,0
197,1.01099,4.42247,0,0,0,0,0,0
198,0.969475,4.442,0,0,0,0,0,0
199,1.00611,4.41514,0,0,0,0,0,0
200,1.00611,4.41026,0,0,0,0,0,0
201,1.00611,4.42735,0,0,0,0,0,0
202,0.993895,4.43223,0,0,0,0,0,0
203,1.00855,4.45421,0,0,0,0,0,0
204,1.00122,4.42979,0,0,0,0,0,0
205,1.01587,4.43223,0,0,0,0,0,0
206,1.00855,4.43223,0,0,0,0,0,0
207,0.996337,4.43956,0,0,0,0,0,0
208,0.986569,4.42002,0,0,0,0,0,0
209,0.984127,4.44933,0,0,0,0,0,0
210,0.967033,4.42491,0,0,0,0,0,0
211,0.957265,4.40537,0,0,0,0,0,0
212,0.984127,4.42002,0,0,0,0,0,0
213,0.979243,4.41514,0,0,0,0,0,0
214,0.976801,4.43956,0,0,0,0,0,0
215,0.993895,4.42735,0,0,0,0,0,0
216,1.01099,4.42247,0,0,0,0,0,0
217,1.00611,4.42491,0,0,0,0,0,0
218,0.996337,4.42979,0,0,0,0,0,0
219,0.986569,4.41026,0,0,0,0,0,0
220,0.996337,4.442,0,0,0,0,0,0
221,1.00855,4.45665,0,0,0,0,0,0
222,1.01343,4.42979,0,0,0,0,0,0
223,1.02808,4.43956,0,0,0,0,0,0
224,1.01832,4.44689,0,0,0,0,0,0
225,1.03541,4.44444,0,0,0,0,0,0
226,1.00855,4.44933,0,0,0,0,0,0
227,1.01832,4.44689,0,0,0,0,0,0
228,0.993895,4.44933,0,0,0,0,0,0
229,1.00366,4.45421,0,0,0,0,0,0
230,0.971917,4.43468,0,0,0,0,0,0
231,0.969475,4.4591,0,0,0,0,0,0
232,0.979243,4.44444,0,0,0,0,0,0
233,0.979243,4.45421,0,0,0,0,0,0
234,0.996337,4.45177,0,0,0,0,0,0
235,0.976801,4.46154,0,0,0,0,0,0
236,0.989011,4.43712,0,0,0,0,0,0
237,0.986569,4.43712,0,0,0,0,0,0
238,0.993895,4.47131,0,0,0,0,0,0
239,1.00122,4.47375,0,0,0,0,0,0
240,0.998779,4.44444,0,0,0,0,0,0
241,0.984127,4.47619,0,0,0,0,0,0
242,0.996337,4.47375,0,0,0,0,0,0
243,0.971917,4.47131,0,0,0,0,0,0
244,0.974359,4.46886,0,0,0,0,0,0
245,0.991453,4.47863,0,0,0,0,0,0
246,0.976801,4.47619,0,0,0,0,0,0
247,0.971917,4.46886,0,0,0,0,0,0
248,0.962149,4.47375,0,0,0,0,0,0
249,0.993895,4.48596,0,0,0,0,0,0
250,0.993895,4.47863,0,0,0,0,0,0
1,0.993895,4.46642,0,0,0,0,0,0
2,0.986569,4.47131,0,0,0,0,0,0
3,0.986569,4.47619,0,0,0,0,0,0
4,0.996337,4.46642,0,0,0,0,0,0
5,0.989011,4.45665,0,0,0,0,0,0
6,1.00855,4.49573,0,0,0,0,0,0
7,1.00855,4.47619,0,0,0,0,0,0
8,1.02564,4.50794,0,0,0,0,0,0
9,0.998779,4.49328,0,0,0,0,0,0
10,1.01832,4.50549,0,0,0,0,0,0
11,1.0232,4.50794,0,0,0,0,0,0
12,0.979243,4.49573,0,0,0,0,0,0
13,0.981685,4.49328,0,0,0,0,0,0
14,0.967033,4.50794,0,0,0,0,0,0
15,0.986569,4.4884,0,0,0,0,0,0
16,0.974359,4.48352,0,0,0,0,0,0
17,0.984127,4.50549,0,0,0,0,0,0
18,0.984127,4.50549,0,0,0,0,0,0
19,0.986569,4.49328,0,0,0,0,0,0
20,0.971917,4.49084,0,0,0,0,0,0
21,0.986569,4.50549,0,0,0,0,0,0
22,0.981685,4.52259,0,0,0,0,0,0
23,0.976801,4.50549,0,0,0,0,0,0
24,0.952381,4.51282,0,0,0,0,0,0
25,0.967033,4.54701,0,0,0,0,0,0
26,0.974359,4.52259,0,0,0,0,0,0
27,0.991453,4.52747,0,0,0,0,0,0
28,1.00366,4.52991,0,0,0,0,0,0
29,0.996337,4.52991,0,0,0,0,0,0
30,1.02564,4.54701,0,0,0,0,0,0
31,0.986569,4.52015,0,0,0,0,0,0
32,0.996337,4.52503,0,0,0,0,0,0
33,0.991453,4.52503,0,0,0,0,0,0
34,0.993895,4.52259,0,0,0,0,0,0
35,0.989011,4.52259,0,0,0,0,0,0
36,0.957265,4.54945,0,0,0,0,0,0
37,0.979243,4.53968,0,0,0,0,0,0
38,0.976801,4.52747,0,0,0,0,0,0
39,0.979243,4.53968,0,0,0,0,0,0
40,0.715507,4.5348,0,0,0,0,0,0
41,0.986569,4.54212,0,0,0,0,0,0
42,0.974359,4.54945,0,0,0,0,0,0
43,0.993895,4.5641,0,0,0,0,0,0
44,0.996337,4.55433,0,0,0,0,0,0
45,0.984127,4.55189,0,0,0,0,0,0
46,0.957265,4.54945,0,0,0,0,0,0
47,0.979243,4.54701,0,0,0,0,0,0
48,0.976801,4.54701,0,0,0,0,0,0
49,0.974359,4.52259,0,0,0,0,0,0
50,0.991453,4.53724,0,0,0,0,0,0
51,0.989011,4.52503,0,0,0,0,0,0
52,0.984127,4.53968,0,0,0,0,0,0
53,0.971917,4.54457,0,0,0,0,0,0
54,0.989011,4.54457,0,0,0,0,0,0
55,0.993895,4.5641,0,0,0,0,0,0
56,0.971917,4.54945,0,0,0,0,0,0
57,1.00611,4.55922,0,0,0,0,0,0
58,1.00366,4.5641,0,0,0,0,0,0
59,1.00611,4.55678,0,0,0,0,0,0
60,1.00366,4.54701,0,0,0,0,0,0
61,1.0232,4.5812,0,0,0,0,0,0
62,0.976801,4.59096,0,0,0,0,0,0
63,1.01343,4.57387,0,0,0,0,0,0
64,0.989011,4.57387,0,0,0,0,0,0
65,0.993895,4.58852,0,0,0,0,0,0
66,0.991453,4.58608,0,0,0,0,0,0
67,0.976801,4.58364,0,0,0,0,0,0
68,0.962149,4.55678,0,0,0,0,0,0
69,0.959707,4.58608,0,0,0,0,0,0
70,0.947497,4.56654,0,0,0,0,0,0
71,0.940171,4.57143,0,0,0,0,0,0
72,0.976801,4.57875,0,0,0,0,0,0
73,0.976801,4.57387,0,0,0,0,0,0
74,0.974359,4.57387,0,0,0,0,0,0
75,0.954823,4.5641,0,0,0,0,0,0
76,0.979243,4.57143,0,0,0,0,0,0
77,0.991453,4.5812,0,0,0,0,0,0
78,0.984127,4.56654,0,0,0,0,0,0
79,0.986569,4.5812,0,0,0,0,0,0
80,0.991453,4.60073,0,0,0,0,0,0
81,0.981685,4.5641,0,0,0,0,0,0
82,0.986569,4.56654,0,0,0,0,0,0
83,1.00366,4.59096,0,0,0,0,0,0
84,0.996337,4.58608,0,0,0,0,0,0
85,1.01099,4.57875,0,0,0,0,0,0
86,0.981685,4.57143,0,0,0,0,0,0
87,0.996337,4.57387,0,0,0,0,0,0
88,0.932845,4.57387,0,0,0,0,0,0
89,0.959707,4.57387,0,0,0,0,0,0
90,0.964591,4.57631,0,0,0,0,0,0
91,0.959707,4.58852,0,0,0,0,0,0
92,0.976801,4.5812,0,0,0,0,0,0
93,0.971917,4.58852,0,0,0,0,0,0
94,0.984127,4.58852,0,0,0,0,0,0
95,0.986569,4.60806,0,0,0,0,0,0
96,0.991453,4.6105,0,0,0,0,0,0
97,0.971917,4.59829,0,0,0,0,0,0
98,0.993895,4.6105,0,0,0,0,0,0
99,0.984127,4.60073,0,0,0,0,0,0
100,0.947497,4.60073,0,0,0,0,0,0
101,0.979243,4.59096,0,0,0,0,0,0
102,0.979243,4.6105,0,0,0,0,0,0
103,0.976801,4.59585,0,0,0,0,0,0
104,0.979243,4.57631,0,0,0,0,0,0
105,0.991453,4.59829,0,0,0,0,0,0
106,0.986569,4.58608,0,0,0,0,0,0
107,1.00611,4.60562,0,0,0,0,0,0
108,0.996337,4.61294,0,0,0,0,0,0
109,1.00611,4.59829,0,0,0,0,0,0
110,0.989011,4.6105,0,0,0,0,0,0
111,0.974359,4.60073,0,0,0,0,0,0
112,0.981685,4.60806,0,0,0,0,0,0
113,0.986569,4.62027,0,0,0,0,0,0
114,0.974359,4.61294,0,0,0,0,0,0
115,0.986569,4.63004,0,0,0,0,0,0
116,0.991453,4.63004,0,0,0,0,0,0
117,0.967033,4.62271,0,0,0,0,0,0
118,0.979243,4.63004,0,0,0,0,0,0
119,0.974359,4.62515,0,0,0,0,0,0
120,0.996337,4.62271,0,0,0,0,0,0
121,0.996337,4.62759,0,0,0,0,0,0
122,0.981685,4.62515,0,0,0,0,0,0
123,0.974359,4.6105,0,0,0,0,0,0
124,0.986569,4.63248,0,0,0,0,0,0
125,1.00122,4.61783,0,0,0,0,0,0
126,1.00122,4.64713,0,0,0,0,0,0
127,0.991453,4.62759,0,0,0,0,0,0
128,1.00611,4.62271,0,0,0,0,0,0
129,1.01587,4.64225,0,0,0,0,0,0
130,0.981685,4.65201,0,0,0,0,0,0
131,0.991453,4.64713,0,0,0,0,0,0
132,1.01099,4.66422,0,0,0,0,0,0
133,0.991453,4.65201,0,0,0,0,0,0
134,0.989011,4.64469,0,0,0,0,0,0
135,0.981685,4.67399,0,0,0,0,0,0
136,0.969475,4.63736,0,0,0,0,0,0
137,0.964591,4.65201,0,0,0,0,0,0
138,0.989011,4.65934,0,0,0,0,0,0
139,0.971917,4.64957,0,0,0,0,0,0
140,0.979243,4.64957,0,0,0,0,0,0
141,0.952381,4.6398,0,0,0,0,0,0
142,0.971917,4.6569,0,0,0,0,0,0
143,0.971917,4.65934,0,0,0,0,0,0
144,0.957265,4.64957,0,0,0,0,0,0
145,0.969475,4.66178,0,0,0,0,0,0
146,0.969475,4.67399,0,0,0,0,0,0
147,0.962149,4.65934,0,0,0,0,0,0
148,0.976801,4.65934,0,0,0,0,0,0
149,1.01343,4.67643,0,0,0,0,0,0
150,1.01587,4.69109,0,0,0,0,0,0
151,1.02564,4.68132,0,0,0,0,0,0
152,1.01587,4.69109,0,0,0,0,0,0
153,1.0232,4.67155,0,0,0,0,0,0
154,1.01343,4.67399,0,0,0,0,0,0
155,0.998779,4.67643,0,0,0,0,0,0
156,0.967033,4.68132,0,0,0,0,0,0
157,0.971917,4.68132,0,0,0,0,0,0
158,0.959707,4.66911,0,0,0,0,0,0
159,0.957265,4.6398,0,0,0,0,0,0
160,0.974359,4.67888,0,0,0,0,0,0
161,0.976801,4.67155,0,0,0,0,0,0
162,0.993895,4.68132,0,0,0,0,0,0
163,0.979243,4.70818,0,0,0,0,0,0
164,0.976801,4.67643,0,0,0,0,0,0
165,0.979243,4.70085,0,0,0,0,0,0
166,0.993895,4.68376,0,0,0,0,0,0
167,0.986569,4.68864,0,0,0,0,0,0
168,0.984127,4.71551,0,0,0,0,0,0
169,0.996337,4.70085,0,0,0,0,0,0
170,0.998779,4.65446,0,0,0,0,0,0
171,1.01099,4.71062,0,0,0,0,0,0
172,0.996337,4.71551,0,0,0,0,0,0
173,1.02076,4.69597,0,0,0,0,0,0
174,1.00366,4.70085,0,0,0,0,0,0
175,1.01832,4.69597,0,0,0,0,0,0
176,0.993895,4.69353,0,0,0,0,0,0
177,0.991453,4.6398,0,0,0,0,0,0
178,0.969475,4.69353,0,0,0,0,0,0
179,0.979243,4.71306,0,0,0,0,0,0
180,0.976801,4.69353,0,0,0,0,0,0
181,0.964591,4.7033,0,0,0,0,0,0
182,0.989011,4.71551,0,0,0,0,0,0
183,0.967033,4.72772,0,0,0,0,0,0
184,0.986569,4.6862,0,0,0,0,0,0
185,0.962149,4.71551,0,0,0,0,0,0
186,1.00366,4.72039,0,0,0,0,0,0
187,1.02076,4.73993,0,0,0,0,0,0
188,1.00611,4.72039,0,0,0,0,0,0
189,0.993895,4.70818,0,0,0,0,0,0
190,0.996337,4.73748,0,0,0,0,0,0
191,0.991453,4.67399,0,0,0,0,0,0
192,1.01587,4.72283,0,0,0,0,0,0
193,1.01832,4.72772,0,0,0,0,0,0
194,0.996337,4.70818,0,0,0,0,0,0
195,1.00122,4.73993,0,0,0,0,0,0
196,0.991453,4.72527,0,0,0,0,0,0
197,0.996337,4.73504,0,0,0,0,0,0
198,0.991453,4.73993,0,0,0,0,0,0
199,0.986569,4.7326,0,0,0,0,0,0
200,0.976801,4.72772,0,0,0,0,0,0
201,0.974359,4.74969,0,0,0,0,0,0
202,0.979243,4.74969,0,0,0,0,0,0
203,0.991453,4.74237,0,0,0,0,0,0
204,0.998779,4.75702,0,0,0,0,0,0
205,0.993895,4.75946,0,0,0,0,0,0
206,1.00366,4.74237,0,0,0,0,0,0
207,0.991453,4.73504,0,0,0,0,0,0
208,1.01343,4.75458,0,0,0,0,0,0
209,1.01587,4.74237,0,0,0,0,0,0
210,1.00611,4.74725,0,0,0,0,0,0
211,0.998779,4.72772,0,0,0,0,0,0
212,0.991453,4.7326,0,0,0,0,0,0
213,0.981685,4.72772,0,0,0,0,0,0
214,0.986569,4.71306,0,0,0,0,0,0
215,1.02076,4.72527,0,0,0,0,0,0
216,1.00366,4.71551,0,0,0,0,0,0
217,1.02564,4.72772,0,0,0,0,0,0
218,1.01099,4.7326,0,0,0,0,0,0
219,1.01343,4.74237,0,0,0,0,0,0
220,1.00366,4.74481,0,0,0,0,0,0
221,1.00366,4.74237,0,0,0,0,0,0
222,0.989011,4.73016,0,0,0,0,0,0
223,0.991453,4.75458,0,0,0,0,0,0
224,0.993895,4.74725,0,0,0,0,0,0
225,1.00611,4.74481,0,0,0,0,0,0
226,1.00611,4.75214,0,0,0,0,0,0
227,0.998779,4.74969,0,0,0,0,0,0
228,1.00122,4.75458,0,0,0,0,0,0
229,0.969475,4.73993,0,0,0,0,0,0
230,1.04029,4.71795,0,0,0,0,0,0
231,0.993895,4.75214,0,0,0,0,0,0
232,0.989011,4.7326,0,0,0,0,0,0
233,0.991453,4.75214,0,0,0,0,0,0
234,1.00855,4.76435,0,0,0,0,0,0
235,1.00122,4.73993,0,0,0,0,0,0
236,1.00366,4.74481,0,0,0,0,0,0
237,1.06716,4.75946,0,0,0,0,0,0
238,1.03297,4.74969,0,0,0,0,0,0
239,1.03541,4.78632,0,0,0,0,0,0
240,1.02808,4.78877,0,0,0,0,0,0
241,1.01099,4.76679,0,0,0,0,0,0
242,1.03297,4.76923,0,0,0,0,0,0
243,1.01343,4.75946,0,0,0,0,0,0
244,1.00122,4.78144,0,0,0,0,0,0
245,1.00366,4.79121,0,0,0,0,0,0
246,0.986569,4.74725,0,0,0,0,0,0
247,0.971917,4.77656,0,0,0,0,0,0
248,0.991453,4.75946,0,0,0,0,0,0
249,0.969475,4.77411,0,0,0,0,0,0
250,1.00366,4.77411,0,0,0,0,0,0
1,0.964591,4.78877,0,0,0,0,0,0
2,1.01587,4.78388,0,0,0,0,0,0
3,1.00855,4.79609,0,0,0,0,0,0
4,0.910867,4.78632,0,0,0,0,0,0
5,0.998779,4.79121,0,0,0,0,0,0
6,1.01343,4.83028,0,0,0,0,0,0
7,1.02076,4.80342,0,0,0,0,0,0
8,1.02076,4.79121,0,0,0,0,0,0
9,1.03541,4.81807,0,0,0,0,0,0
10,1.03053,4.8083,0,0,0,0,0,0
11,0.915751,4.80342,0,0,0,0,0,0
12,1.0232,4.78877,0,0,0,0,0,0
13,1.01587,4.79365,0,0,0,0,0,0
14,1.01099,4.79609,0,0,0,0,0,0
15,0.998779,4.78632,0,0,0,0,0,0
16,0.996337,4.77411,0,0,0,0,0,0
17,0.998779,4.79609,0,0,0,0,0,0
18,1.00611,4.78632,0,0,0,0,0,0
19,0.991453,4.78632,0,0,0,0,0,0
20,1.00855,4.80098,0,0,0,0,0,0
21,1.00122,4.79853,0,0,0,0,0,0
22,1.01343,4.80586,0,0,0,0,0,0
23,0.998779,4.81807,0,0,0,0,0,0
24,1.0232,4.82784,0,0,0,0,0,0
25,1.03541,4.83761,0,0,0,0,0,0
26,1.03053,4.8254,0,0,0,0,0,0
27,1.0232,4.83272,0,0,0,0,0,0
28,1.00366,4.84982,0,0,0,0,0,0
29,1.02808,4.83761,0,0,0,0,0,0
30,1.01587,4.84982,0,0,0,0,0,0
31,1.03541,4.83028,0,0,0,0,0,0
32,1.03053,4.83028,0,0,0,0,0,0
33,1.03541,4.82051,0,0,0,0,0,0
34,1.01587,4.80098,0,0,0,0,0,0
35,1.03785,4.8083,0,0,0,0,0,0
36,1.03053,4.83272,0,0,0,0,0,0
37,0.989011,4.83272,0,0,0,0,0,0
38,1.01587,4.82051,0,0,0,0,0,0
39,1.01832,4.84249,0,0,0,0,0,0
40,1.00855,4.83761,0,0,0,0,0,0
41,1.00122,4.86203,0,0,0,0,0,0
42,1.03297,4.8547,0,0,0,0,0,0
43,1.02808,4.87668,0,0,0,0,0,0
44,1.03297,4.87179,0,0,0,0,0,0
45,1.00611,4.87668,0,0,0,0,0,0
46,1.01343,4.86447,0,0,0,0,0,0
47,1.02076,4.86203,0,0,0,0,0,0
48,1.01832,4.8547,0,0,0,0,0,0
49,1.00366,4.84982,0,0,0,0,0,0
50,0.996337,4.84493,0,0,0,0,0,0
51,0.998779,4.82784,0,0,0,0,0,0
52,0.981685,4.83516,0,0,0,0,0,0
53,0.996337,4.84982,0,0,0,0,0,0
54,0.993895,4.84737,0,0,0,0,0,0
55,1.00611,4.84249,0,0,0,0,0,0
56,1.0232,4.84737,0,0,0,0,0,0
57,1.03297,4.84737,0,0,0,0,0,0
58,1.03541,4.86691,0,0,0,0,0,0
59,1.02808,4.85958,0,0,0,0,0,0
60,1.02808,4.86203,0,0,0,0,0,0
61,1.01832,4.89866,0,0,0,0,0,0
62,1.05006,4.89621,0,0,0,0,0,0
63,1.03053,4.87424,0,0,0,0,0,0
64,1.04762,4.89133,0,0,0,0,0,0
65,1.02808,4.89133,0,0,0,0,0,0
66,1.04762,4.88889,0,0,0,0,0,0
67,1.03785,4.884,0,0,0,0,0,0
68,1.0525,4.87179,0,0,0,0,0,0
69,1.03785,4.86447,0,0,0,0,0,0
70,0.993895,4.85714,0,0,0,0,0,0
71,0.998779,4.87668,0,0,0,0,0,0
72,1.00122,4.88889,0,0,0,0,0,0
73,0.996337,4.86447,0,0,0,0,0,0
74,1.00366,4.85714,0,0,0,0,0,0
75,1.02808,4.87179,0,0,0,0,0,0
76,0.998779,4.89133,0,0,0,0,0,0
77,1.02076,4.88645,0,0,0,0,0,0
78,1.02076,4.89621,0,0,0,0,0,0
79,1.03053,4.89377,0,0,0,0,0,0
80,1.02808,4.89866,0,0,0,0,0,0
81,1.03541,4.89133,0,0,0,0,0,0
82,1.04274,4.89133,0,0,0,0,0,0
83,1.02564,4.90842,0,0,0,0,0,0
84,1.01587,4.88889,0,0,0,0,0,0
85,1.02076,4.87912,0,0,0,0,0,0
86,1.03785,4.86691,0,0,0,0,0,0
87,1.03297,4.87912,0,0,0,0,0,0
88,1.03297,4.88645,0,0,0,0,0,0
89,1.02076,4.87668,0,0,0,0,0,0
90,1.05006,4.88889,0,0,0,0,0,0
91,1.05006,4.88156,0,0,0,0,0,0
92,1.04518,4.89133,0,0,0,0,0,0
93,1.00122,4.88156,0,0,0,0,0,0
94,1.00855,4.9011,0,0,0,0,0,0
95,1.00122,4.89866,0,0,0,0,0,0
96,1.01587,4.90842,0,0,0,0,0,0
97,1.03785,4.92063,0,0,0,0,0,0
98,1.01587,4.91575,0,0,0,0,0,0
99,1.02808,4.91575,0,0,0,0,0,0
100,1.00855,4.91087,0,0,0,0,0,0
101,1.02076,4.91819,0,0,0,0,0,0
102,1.00366,4.92552,0,0,0,0,0,0
103,1.01099,4.90354,0,0,0,0,0,0
104,0.993895,4.91331,0,0,0,0,0,0
105,0.989011,4.92063,0,0,0,0,0,0
106,1.01099,4.88889,0,0,0,0,0,0
107,1.02076,4.9011,0,0,0,0,0,0
108,1.04029,4.91087,0,0,0,0,0,0
109,1.02076,4.90598,0,0,0,0,0,0
110,1.03785,4.90598,0,0,0,0,0,0
111,1.01343,4.91331,0,0,0,0,0,0
112,1.0525,4.91331,0,0,0,0,0,0
113,1.05983,4.9304,0,0,0,0,0,0
114,1.06227,4.92796,0,0,0,0,0,0
115,1.02076,4.94505,0,0,0,0,0,0
116,1.06471,4.93773,0,0,0,0,0,0
117,1.02564,4.93529,0,0,0,0,0,0
118,1.02076,4.93773,0,0,0,0,0,0
119,1.04029,4.94017,0,0,0,0,0,0
120,1.01587,4.9304,0,0,0,0,0,0
121,1.03053,4.93773,0,0,0,0,0,0
122,1.00122,4.92308,0,0,0,0,0,0
123,1.01343,4.92796,0,0,0,0,0,0
124,1.01099,4.92308,0,0,0,0,0,0
125,1.01343,4.92308,0,0,0,0,0,0
126,1.00122,4.92796,0,0,0,0,0,0
127,1.01587,4.9475,0,0,0,0,0,0
128,1.01587,4.91331,0,0,0,0,0,0
129,1.01832,4.93529,0,0,0,0,0,0
130,1.04518,4.93773,0,0,0,0,0,0
131,1.04274,4.95971,0,0,0,0,0,0
132,1.05739,4.95482,0,0,0,0,0,0
133,1.04762,4.95726,0,0,0,0,0,0
134,1.06227,4.96215,0,0,0,0,0,0
135,1.05983,4.94261,0,0,0,0,0,0
136,1.04274,4.95238,0,0,0,0,0,0
137,1.03785,4.94505,0,0,0,0,0,0
138,1.02808,4.95726,0,0,0,0,0,0
139,1.03053,4.94505,0,0,0,0,0,0
140,1.01099,4.92552,0,0,0,0,0,0
141,1.01832,4.94505,0,0,0,0,0,0
142,1.02076,4.94505,0,0,0,0,0,0
143,1.02808,4.95971,0,0,0,0,0,0
144,0.996337,4.94994,0,0,0,0,0,0
145,1.0232,4.95482,0,0,0,0,0,0
146,1.0232,4.95971,0,0,0,0,0,0
147,1.00611,4.9475,0,0,0,0,0,0
148,1.01343,4.97192,0,0,0,0,0,0
149,1.00855,4.99145,0,0,0,0,0,0
150,1.03541,4.97436,0,0,0,0,0,0
151,1.0232,4.98168,0,0,0,0,0,0
152,1.05006,4.98168,0,0,0,0,0,0
153,1.04274,4.98901,0,0,0,0,0,0
154,1.05739,4.98901,0,0,0,0,0,0
155,1.04029,4.98168,0,0,0,0,0,0
156,1.05983,4.98413,0,0,0,0,0,0
157,1.03785,4.98413,0,0,0,0,0,0
158,1.01343,4.96947,0,0,0,0,0,0
159,0.998779,4.98413,0,0,0,0,0,0
160,1.00366,5.00611,0,0,0,0,0,0
161,1.01099,4.99389,0,0,0,0,0,0
162,1.01587,5.00611,0,0,0,0,0,0
163,1.00611,5.00122,0,0,0,0,0,0
164,1.01832,5.00122,0,0,0,0,0,0
165,1.03541,4.98413,0,0,0,0,0,0
166,1.01587,5.00855,0,0,0,0,0,0
167,1.03541,5.0232,0,0,0,0,0,0
168,1.02564,5.01832,0,0,0,0,0,0
169,1.04029,5.00855,0,0,0,0,0,0
170,1.03053,5.00122,0,0,0,0,0,0
171,1.03297,5.01832,0,0,0,0,0,0
172,1.03297,5.00855,0,0,0,0,0,0
173,1.02808,4.99634,0,0,0,0,0,0
174,1.04762,5.00611,0,0,0,0,0,0
175,1.03297,4.99878,0,0,0,0,0,0
176,1.04029,5.00855,0,0,0,0,0,0
177,1.01587,4.98901,0,0,0,0,0,0
178,1.04274,5.01343,0,0,0,0,0,0
179,1.0525,5.02808,0,0,0,0,0,0
180,1.04762,5.02564,0,0,0,0,0,0
181,1.03053,5.00855,0,0,0,0,0,0
182,1.02564,5.03785,0,0,0,0,0,0
183,1.01587,5.01587,0,0,0,0,0,0
184,1.01832,5.01587,0,0,0,0,0,0
185,1.04762,5.03785,0,0,0,0,0,0
186,1.04274,5.03297,0,0,0,0,0,0
187,1.04274,5.03297,0,0,0,0,0,0
188,1.01832,5.0232,0,0,0,0,0,0
189,1.03541,5.03541,0,0,0,0,0,0
190,1.03297,5.03297,0,0,0,0,0,0
191,1.01832,5.01343,0,0,0,0,0,0
192,1.00855,5.00855,0,0,0,0,0,0
193,0.993895,5.02564,0,0,0,0,0,0
194,1.01343,5.01099,0,0,0,0,0,0
195,1.01587,5.01587,0,0,0,0,0,0
196,1.04274,5.03541,0,0,0,0,0,0
197,1.04029,5.0525,0,0,0,0,0,0
198,1.04274,5.04029,0,0,0,0,0,0
199,1.02808,5.06471,0,0,0,0,0,0
200,1.0525,5.05006,0,0,0,0,0,0
201,1.0525,5.05006,0,0,0,0,0,0
202,1.05983,5.06471,0,0,0,0,0,0
203,1.02564,5.05495,0,0,0,0,0,0
204,1.04518,5.07448,0,0,0,0,0,0
205,1.02564,5.04762,0,0,0,0,0,0
206,1.02076,5.04518,0,0,0,0,0,0
207,1.03785,5.06227,0,0,0,0,0,0
208,1.03053,5.06227,0,0,0,0,0,0
209,1.03053,5.05739,0,0,0,0,0,0
210,1.01587,5.0525,0,0,0,0,0,0
211,1.0232,5.04762,0,0,0,0,0,0
212,1.01343,5.04762,0,0,0,0,0,0
213,1.00855,5.02076,0,0,0,0,0,0
214,1.01099,5.04518,0,0,0,0,0,0
215,1.02808,5.06716,0,0,0,0,0,0
216,1.0232,5.05495,0,0,0,0,0,0
217,1.02564,5.02564,0,0,0,0,0,0
218,1.04518,5.05983,0,0,0,0,0,0
219,1.03785,5.06716,0,0,0,0,0,0
220,1.05006,5.04762,0,0,0,0,0,0
221,1.03785,5.06716,0,0,0,0,0,0
222,1.0696,5.07937,0,0,0,0,0,0
223,1.05983,5.07204,0,0,0,0,0,0
224,1.04518,5.06716,0,0,0,0,0,0
225,1.04029,5.07448,0,0,0,0,0,0
226,1.02808,5.06227,0,0,0,0,0,0
227,1.02808,5.05983,0,0,0,0,0,0
228,1.01587,5.05983,0,0,0,0,0,0
229,1.01587,5.05495,0,0,0,0,0,0
230,1.00611,5.06716,0,0,0,0,0,0
231,0.981685,5.08669,0,0,0,0,0,0
232,1.00366,5.05983,0,0,0,0,0,0
233,1.02076,5.05739,0,0,0,0,0,0
234,1.02076,5.07937,0,0,0,0,0,0
235,1.02808,5.06716,0,0,0,0,0,0
236,1.02808,5.05495,0,0,0,0,0,0
237,1.02076,5.10134,0,0,0,0,0,0
238,1.10134,5.07937,0,0,0,0,0,0
239,1.03541,5.08669,0,0,0,0,0,0
240,1.04762,5.10134,0,0,0,0,0,0
241,1.05739,5.09158,0,0,0,0,0,0
242,1.0525,5.08181,0,0,0,0,0,0
243,1.03785,5.0989,0,0,0,0,0,0
244,1.05739,5.08669,0,0,0,0,0,0
245,1.08425,5.09646,0,0,0,0,0,0
246,1.0525,5.07937,0,0,0,0,0,0
247,0.991453,5.0696,0,0,0,0,0,0
248,1.01099,5.10379,0,0,0,0,0,0
249,1.01343,5.09158,0,0,0,0,0,0
250,1.01343,5.08425,0,0,0,0,0,0
1,1.03053,5.10134,0,0,0,0,0,0
2,0.993895,5.09158,0,0,0,0,0,0
3,1.01832,5.08913,0,0,0,0,0,0
4,1.00122,5.09158,0,0,0,0,0,0
5,1.02564,5.09158,0,0,0,0,0,0
6,1.03297,5.10867,0,0,0,0,0,0
7,1.03541,5.09402,0,0,0,0,0,0
8,1.03541,5.11355,0,0,0,0,0,0
9,1.00855,5.12332,0,0,0,0,0,0
10,1.03297,5.10867,0,0,0,0,0,0
11,1.02076,5.10379,0,0,0,0,0,0
12,1.04762,5.10867,0,0,0,0,0,0
13,1.04518,5.11111,0,0,0,0,0,0
14,1.04274,5.12088,0,0,0,0,0,0
15,1.01832,5.10134,0,0,0,0,0,0
16,1.04029,5.10867,0,0,0,0,0,0
17,1.04029,5.12088,0,0,0,0,0,0
18,1.04762,5.11111,0,0,0,0,0,0
19,1.01832,5.116,0,0,0,0,0,0
20,1.02564,5.12088,0,0,0,0,0,0
21,1.01099,5.11844,0,0,0,0,0,0
22,1.01099,5.10867,0,0,0,0,0,0
23,1.03053,5.12576,0,0,0,0,0,0
24,1.01832,5.13065,0,0,0,0,0,0
25,1.03785,5.12821,0,0,0,0,0,0
26,1.03053,5.13065,0,0,0,0,0,0
27,1.03297,5.13065,0,0,0,0,0,0
28,1.02564,5.13553,0,0,0,0,0,0
29,1.02076,5.12821,0,0,0,0,0,0
30,1.01343,5.14042,0,0,0,0,0,0
31,1.00366,5.15507,0,0,0,0,0,0
32,1.00611,5.11844,0,0,0,0,0,0
33,1.01587,5.12821,0,0,0,0,0,0
34,1.03297,5.14286,0,0,0,0,0,0
35,1.01832,5.13065,0,0,0,0,0,0
36,1.04762,5.14042,0,0,0,0,0,0
37,1.01832,5.13553,0,0,0,0,0,0
38,1.02564,5.12332,0,0,0,0,0,0
39,1.04274,5.15263,0,0,0,0,0,0
40,1.04029,5.15263,0,0,0,0,0,0
41,1.04518,5.1453,0,0,0,0,0,0
42,1.03785,5.17216,0,0,0,0,0,0
43,1.03541,5.14042,0,0,0,0,0,0
44,1.01587,5.16239,0,0,0,0,0,0
45,1.04029,5.14774,0,0,0,0,0,0
46,1.03297,5.16484,0,0,0,0,0,0
47,1.02564,5.16484,0,0,0,0,0,0
48,1.02076,5.16484,0,0,0,0,0,0
49,1.03053,5.15995,0,0,0,0,0,0
50,1.02564,5.16484,0,0,0,0,0,0
51,0.998779,5.15751,0,0,0,0,0,0
52,0.993895,5.16239,0,0,0,0,0,0
53,1.00366,5.1746,0,0,0,0,0,0
54,0.998779,5.16972,0,0,0,0,0,0
55,1.02808,5.17949,0,0,0,0,0,0
56,1.02808,5.1746,0,0,0,0,0,0
57,1.03541,5.1746,0,0,0,0,0,0
58,1.04029,5.16728,0,0,0,0,0,0
59,1.0232,5.17949,0,0,0,0,0,0
60,1.05739,5.18437,0,0,0,0,0,0
61,1.05739,5.18926,0,0,0,0,0,0
62,1.05983,5.16239,0,0,0,0,0,0
63,1.03541,5.17216,0,0,0,0,0,0
64,1.04029,5.20635,0,0,0,0,0,0
65,1.04274,5.18193,0,0,0,0,0,0
66,1.01587,5.18681,0,0,0,0,0,0
67,1.03297,5.1917,0,0,0,0,0,0
68,1.01832,5.18437,0,0,0,0,0,0
69,1.01832,5.18681,0,0,0,0,0,0
70,1.00122,5.18437,0,0,0,0,0,0
71,1.02564,5.17949,0,0,0,0,0,0
72,1.02076,5.19902,0,0,0,0,0,0
73,1.01832,5.18681,0,0,0,0,0,0
74,1.00611,5.1917,0,0,0,0,0,0
75,1.00366,5.20635,0,0,0,0,0,0
76,1.00611,5.16972,0,0,0,0,0,0
77,0.991453,5.20147,0,0,0,0,0,0
78,1.03541,5.20635,0,0,0,0,0,0
79,1.01832,5.21612,0,0,0,0,0,0
80,1.04029,5.21123,0,0,0,0,0,0
81,1.03785,5.1917,0,0,0,0,0,0
82,1.04518,5.19658,0,0,0,0,0,0
83,1.04762,5.21368,0,0,0,0,0,0
84,1.03785,5.221,0,0,0,0,0,0
85,1.02564,5.19658,0,0,0,0,0,0
86,1.04274,5.20879,0,0,0,0,0,0
87,1.01832,5.19658,0,0,0,0,0,0
88,1.03297,5.19658,0,0,0,0,0,0
89,1.04762,5.21123,0,0,0,0,0,0
90,1.04518,5.20879,0,0,0,0,0,0
91,1.01099,5.21612,0,0,0,0,0,0
92,1.02076,5.20391,0,0,0,0,0,0
93,1.03785,5.19902,0,0,0,0,0,0
94,1.04029,5.22833,0,0,0,0,0,0
95,1.02564,5.20635,0,0,0,0,0,0
96,1.04274,5.21856,0,0,0,0,0,0
97,1.02564,5.24542,0,0,0,0,0,0
98,1.00122,5.21612,0,0,0,0,0,0
99,1.01587,5.21856,0,0,0,0,0,0
100,1.03053,5.22589,0,0,0,0,0,0
101,1.01587,5.20635,0,0,0,0,0,0
102,1.00611,5.21612,0,0,0,0,0,0
103,0.925519,5.19658,0,0,0,0,0,0
104,1.01099,5.18681,0,0,0,0,0,0
105,0.971917,5.21856,0,0,0,0,0,0
106,1.00611,5.19902,0,0,0,0,0,0
107,1.02564,5.18681,0,0,0,0,0,0
108,1.0232,5.22833,0,0,0,0,0,0
109,1.0232,5.20391,0,0,0,0,0,0
110,1.01832,5.17705,0,0,0,0,0,0
111,1.03785,5.21612,0,0,0,0,0,0
112,1.04274,5.20879,0,0,0,0,0,0
113,1.04762,5.21368,0,0,0,0,0,0
114,1.03053,5.23565,0,0,0,0,0,0
115,1.05983,5.23565,0,0,0,0,0,0
116,1.05006,5.22589,0,0,0,0,0,0
117,1.04518,5.21856,0,0,0,0,0,0
118,1.03297,5.221,0,0,0,0,0,0
119,1.03541,5.24298,0,0,0,0,0,0
120,1.04029,5.20879,0,0,0,0,0,0
121,1.03541,5.18681,0,0,0,0,0,0
122,1.04762,5.21612,0,0,0,0,0,0
123,1.02808,5.18681,0,0,0,0,0,0
124,1.01587,5.20147,0,0,0,0,0,0
125,1.00122,5.22833,0,0,0,0,0,0
126,1.04518,5.20879,0,0,0,0,0,0
127,1.0232,5.21368,0,0,0,0,0,0
128,1.02076,5.20879,0,0,0,0,0,0
129,1.01832,5.20879,0,0,0,0,0,0
130,1.01832,5.23565,0,0,0,0,0,0
131,1.00611,5.22344,0,0,0,0,0,0
132,1.0232,5.22344,0,0,0,0,0,0
133,1.04029,5.23077,0,0,0,0,0,0
134,1.00122,5.22833,0,0,0,0,0,0
135,1.02564,5.23321,0,0,0,0,0,0
136,1.01587,5.22344,0,0,0,0,0,0
137,1.02808,5.22833,0,0,0,0,0,0
138,1.01343,5.22833,0,0,0,0,0,0
139,1.01832,5.21612,0,0,0,0,0,0
140,0.996337,5.21612,0,0,0,0,0,0
141,1.00122,5.21368,0,0,0,0,0,0
142,1.00366,5.21612,0,0,0,0,0,0
143,1.02076,5.22833,0,0,0,0,0,0
144,1.03541,5.21856,0,0,0,0,0,0
145,1.03541,5.22833,0,0,0,0,0,0
146,1.03541,5.22589,0,0,0,0,0,0
147,1.02564,5.21123,0,0,0,0,0,0
148,1.04762,5.22344,0,0,0,0,0,0
149,1.05739,5.21856,0,0,0,0,0,0
150,1.05739,5.22589,0,0,0,0,0,0
151,1.06471,5.23565,0,0,0,0,0,0
152,1.03541,5.23565,0,0,0,0,0,0
153,1.01587,5.20635,0,0,0,0,0,0
154,1.01832,5.221,0,0,0,0,0,0
155,1.03785,5.21612,0,0,0,0,0,0
156,1.03053,5.19902,0,0,0,0,0,0
157,1.02564,5.21612,0,0,0,0,0,0
158,0.979243,5.19902,0,0,0,0,0,0
159,1.0232,5.20391,0,0,0,0,0,0
160,1.02808,5.21856,0,0,0,0,0,0
161,1.00855,5.21612,0,0,0,0,0,0
162,1.01832,5.20879,0,0,0,0,0,0
163,1.01587,5.21856,0,0,0,0,0,0
164,0.998779,5.20635,0,0,0,0,0,0
165,1.03785,5.20635,0,0,0,0,0,0
166,1.01832,5.221,0,0,0,0,0,0
167,1.00366,5.2381,0,0,0,0,0,0
168,1.03297,5.24542,0,0,0,0,0,0
169,1.01587,5.22344,0,0,0,0,0,0
170,1.00122,5.21856,0,0,0,0,0,0
171,1.03053,5.23321,0,0,0,0,0,0
172,1.12576,5.21123,0,0,0,0,0,0
173,1.02076,5.21612,0,0,0,0,0,0
174,1.00855,5.23321,0,0,0,0,0,0
175,1.01587,5.20147,0,0,0,0,0,0
176,1.01099,5.19658,0,0,0,0,0,0
177,1.03053,5.21856,0,0,0,0,0,0
178,1.02564,5.21368,0,0,0,0,0,0
179,0.837607,5.20879,0,0,0,0,0,0
180,1.02808,5.20879,0,0,0,0,0,0
181,1.05006,5.21856,0,0,0,0,0,0
182,1.04762,5.21123,0,0,0,0,0,0
183,1.01832,5.20391,0,0,0,0,0,0
184,1.02564,5.21123,0,0,0,0,0,0
185,1.00366,5.25031,0,0,0,0,0,0
186,1.03053,5.221,0,0,0,0,0,0
187,1.02076,5.21123,0,0,0,0,0,0
188,1.02564,5.22833,0,0,0,0,0,0
189,1.01343,5.22833,0,0,0,0,0,0
190,1.02808,5.22833,0,0,0,0,0,0
191,1.00855,5.221,0,0,0,0,0,0
192,1.01832,5.22344,0,0,0,0,0,0
193,1.01343,5.21368,0,0,0,0,0,0
194,1.00122,5.20147,0,0,0,0,0,0
195,0.984127,5.21368,0,0,0,0,0,0
196,0.986569,5.22833,0,0,0,0,0,0
197,0.993895,5.20391,0,0,0,0,0,0
198,1.00122,5.1917,0,0,0,0,0,0
199,1.00122,5.21612,0,0,0,0,0,0
200,1.02076,5.19902,0,0,0,0,0,0
201,1.03297,5.20391,0,0,0,0,0,0
202,1.02076,5.22344,0,0,0,0,0,0
203,1.04518,5.2381,0,0,0,0,0,0
204,1.05006,5.22589,0,0,0,0,0,0
205,1.04274,5.21612,0,0,0,0,0,0
206,1.02808,5.21856,0,0,0,0,0,0
207,1.02076,5.22833,0,0,0,0,0,0
208,1.03297,5.21612,0,0,0,0,0,0
209,1.03541,5.21123,0,0,0,0,0,0
210,1.04762,5.20879,0,0,0,0,0,0
211,0.986569,5.20635,0,0,0,0,0,0
212,1.01099,5.19902,0,0,0,0,0,0
213,0.996337,5.22344,0,0,0,0,0,0
214,1.02076,5.21856,0,0,0,0,0,0
215,1.01832,5.21856,0,0,0,0,0,0
216,1.00611,5.18681,0,0,0,0,0,0
217,1.00122,5.20635,0,0,0,0,0,0
218,0.984127,5.2381,0,0,0,0,0,0
219,0.996337,5.20879,0,0,0,0,0,0
220,0.998779,5.18437,0,0,0,0,0,0
221,1.02076,5.23077,0,0,0,0,0,0
222,1.01832,5.22833,0,0,0,0,0,0
223,1.02808,5.2381,0,0,0,0,0,0
224,1.01832,5.21612,0,0,0,0,0,0
225,1.01587,5.21612,0,0,0,0,0,0
226,1.01832,5.221,0,0,0,0,0,0
227,1.02076,5.20391,0,0,0,0,0,0
228,0.996337,5.21612,0,0,0,0,0,0
229,1.01099,5.21856,0,0,0,0,0,0
230,1.00855,5.20635,0,0,0,0,0,0
231,1.03541,5.20879,0,0,0,0,0,0
232,1.04029,5.22833,0,0,0,0,0,0
233,0.986569,5.22344,0,0,0,0,0,0
234,1.01587,5.20391,0,0,0,0,0,0
235,1.00611,5.19902,0,0,0,0,0,0
236,1.01832,5.23565,0,0,0,0,0,0
237,1.01832,5.22589,0,0,0,0,0,0
238,1.01587,5.22344,0,0,0,0,0,0
239,1.00855,5.221,0,0,0,0,0,0
240,1.00366,5.22589,0,0,0,0,0,0
241,1.01832,5.20391,0,0,0,0,0,0
242,0.984127,5.20147,0,0,0,0,0,0
243,1.02076,5.23077,0,0,0,0,0,0
244,1.00366,5.20879,0,0,0,0,0,0
245,1.02564,5.221,0,0,0,0,0,0
246,0.996337,5.20879,0,0,0,0,0,0
247,1.0232,5.20147,0,0,0,0,0,0
248,1.01099,5.20147,0,0,0,0,0,0
249,1.0232,5.21612,0,0,0,0,0,0
250,1.01832,5.20879,0,0,0,0,0,0
1,1.02076,5.22589,0,0,0,0,0,0
2,1.01832,5.20635,0,0,0,0,0,0
3,0.998779,5.1917,0,0,0,0,0,0
4,1.01099,5.21368,0,0,0,0,0,0
5,1.0232,5.23565,0,0,0,0,0,0
6,1.02564,5.23565,0,0,0,0,0,0
7,1.00611,5.21123,0,0,0,0,0,0
8,1.02076,5.21856,0,0,0,0,0,0
9,1.01099,5.22589,0,0,0,0,0,0
10,1.00122,5.221,0,0,0,0,0,0
11,0.991453,5.21123,0,0,0,0,0,0
12,0.991453,5.23321,0,0,0,0,0,0
13,0.984127,5.19658,0,0,0,0,0,0
14,0.991453,5.21856,0,0,0,0,0,0
15,1.0232,5.20879,0,0,0,0,0,0
16,1.00366,5.21368,0,0,0,0,0,0
17,1.01832,5.21123,0,0,0,0,0,0
18,1.00366,5.20879,0,0,0,0,0,0
19,1.0232,5.22344,0,0,0,0,0,0
20,1.02564,5.22344,0,0,0,0,0,0
21,1.02076,5.20147,0,0,0,0,0,0
22,1.02564,5.19902,0,0,0,0,0,0
23,0.991453,5.24298,0,0,0,0,0,0
24,1.01343,5.221,0,0,0,0,0,0
25,1.00366,5.21612,0,0,0,0,0,0
26,1.01587,5.21856,0,0,0,0,0,0
27,0.984127,5.22833,0,0,0,0,0,0
28,1.00611,5.20879,0,0,0,0,0,0
29,0.989011,5.20879,0,0,0,0,0,0
30,1.00611,5.22833,0,0,0,0,0,0
31,0.998779,5.21368,0,0,0,0,0,0
32,0.793651,5.19414,0,0,0,0,0,0
33,0.981685,5.19902,0,0,0,0,0,0
34,0.991453,5.2381,0,0,0,0,0,0
35,1.00122,5.18193,0,0,0,0,0,0
36,0.993895,5.21123,0,0,0,0,0,0
37,1.01099,5.221,0,0,0,0,0,0
38,1.00122,5.20147,0,0,0,0,0,0
39,1.00611,5.20635,0,0,0,0,0,0
40,0.998779,5.20879,0,0,0,0,0,0
41,1.03053,5.22344,0,0,0,0,0,0
42,1.02808,5.23321,0,0,0,0,0,0
43,1.0232,5.22589,0,0,0,0,0,0
44,1.01343,5.20147,0,0,0,0,0,0
45,1.01099,5.23077,0,0,0,0,0,0
46,0.993895,5.20147,0,0,0,0,0,0
47,1.00122,5.20879,0,0,0,0,0,0
48,1.00366,5.21612,0,0,0,0,0,0
49,0.991453,5.21612,0,0,0,0,0,0
50,0.991453,5.19658,0,0,0,0,0,0
51,0.967033,5.20879,0,0,0,0,0,0
52,0.991453,5.20879,0,0,0,0,0,0
53,1.00122,5.21856,0,0,0,0,0,0
54,0.979243,5.22344,0,0,0,0,0,0
55,0.981685,5.20879,0,0,0,0,0,0
56,0.976801,5.21612,0,0,0,0,0,0
57,0.971917,5.20879,0,0,0,0,0,0
58,0.971917,5.21123,0,0,0,0,0,0
59,1.00122,5.2381,0,0,0,0,0,0
60,0.969475,5.25275,0,0,0,0,0,0
61,1.01587,5.21856,0,0,0,0,0,0
62,1.00122,5.23565,0,0,0,0,0,0
63,1.01099,5.22589,0,0,0,0,0,0
64,1.01099,5.22833,0,0,0,0,0,0
65,1.00122,5.20879,0,0,0,0,0,0
66,0.857143,5.20391,0,0,0,0,0,0
67,0.979243,5.22589,0,0,0,0,0,0
68,0.969475,5.20635,0,0,0,0,0,0
69,0.989011,5.21856,0,0,0,0,0,0
70,1.01343,5.22344,0,0,0,0,0,0
71,0.996337,5.23565,0,0,0,0,0,0
72,1.01587,5.21368,0,0,0,0,0,0
73,0.962149,5.21123,0,0,0,0,0,0
74,1.00611,5.21856,0,0,0,0,0,0
75,0.993895,5.22344,0,0,0,0,0,0
76,0.979243,5.221,0,0,0,0,0,0
77,0.984127,5.21123,0,0,0,0,0,0
78,0.984127,5.24054,0,0,0,0,0,0
79,0.981685,5.20635,0,0,0,0,0,0
80,0.971917,5.21856,0,0,0,0,0,0
81,0.974359,5.22344,0,0,0,0,0,0
82,0.984127,5.23077,0,0,0,0,0,0
83,0.979243,5.22344,0,0,0,0,0,0
84,0.959707,5.21612,0,0,0,0,0,0
85,0.967033,5.21123,0,0,0,0,0,0
86,0.962149,5.21856,0,0,0,0,0,0
87,0.942613,5.19658,0,0,0,0,0,0
88,0.959707,5.22833,0,0,0,0,0,0
89,0.962149,5.22344,0,0,0,0,0,0
90,0.952381,5.19902,0,0,0,0,0,0
91,0.974359,5.20879,0,0,0,0,0,0
92,0.989011,5.21368,0,0,0,0,0,0
93,0.981685,5.22833,0,0,0,0,0,0
94,1.00855,5.23565,0,0,0,0,0,0
95,0.986569,5.21368,0,0,0,0,0,0
96,1.01587,5.22344,0,0,0,0,0,0
97,1.01099,5.23077,0,0,0,0,0,0
98,0.993895,5.20635,0,0,0,0,0,0
99,0.971917,5.20635,0,0,0,0,0,0
100,0.835165,5.221,0,0,0,0,0,0
101,0.957265,5.21123,0,0,0,0,0,0
102,0.957265,5.20879,0,0,0,0,0,0
103,0.959707,5.21123,0,0,0,0,0,0
104,0.952381,5.19902,0,0,0,0,0,0
105,0.959707,5.2381,0,0,0,0,0,0
106,0.947497,5.21856,0,0,0,0,0,0
107,0.959707,5.22833,0,0,0,0,0,0
108,0.942613,5.22589,0,0,0,0,0,0
109,0.959707,5.21856,0,0,0,0,0,0
110,0.949939,5.20879,0,0,0,0,0,0
111,0.967033,5.24542,0,0,0,0,0,0
112,0.962149,5.21856,0,0,0,0,0,0
113,0.957265,5.24542,0,0,0,0,0,0
114,0.991453,5.22344,0,0,0,0,0,0
115,0.974359,5.23565,0,0,0,0,0,0
116,0.984127,5.22344,0,0,0,0,0,0
117,0.959707,5.22589,0,0,0,0,0,0
118,0.981685,5.22589,0,0,0,0,0,0
119,0.976801,5.20635,0,0,0,0,0,0
120,0.974359,5.19658,0,0,0,0,0,0
121,0.957265,5.20391,0,0,0,0,0,0
122,0.957265,5.22589,0,0,0,0,0,0
123,0.942613,5.21612,0,0,0,0,0,0
124,0.962149,5.19902,0,0,0,0,0,0
125,0.962149,5.21612,0,0,0,0,0,0
126,0.945055,5.23077,0,0,0,0,0,0
127,0.905983,5.20391,0,0,0,0,0,0
128,0.942613,5.24786,0,0,0,0,0,0
129,0.962149,5.21612,0,0,0,0,0,0
130,0.964591,5.23321,0,0,0,0,0,0
131,0.957265,5.22589,0,0,0,0,0,0
132,0.925519,5.221,0,0,0,0,0,0
133,0.932845,5.22589,0,0,0,0,0,0
134,0.935287,5.21123,0,0,0,0,0,0
135,0.942613,5.221,0,0,0,0,0,0
136,0.957265,5.22344,0,0,0,0,0,0
137,0.952381,5.22344,0,0,0,0,0,0
138,0.949939,5.21123,0,0,0,0,0,0
139,0.930403,5.19658,0,0,0,0,0,0
140,0.954823,5.21856,0,0,0,0,0,0
141,0.962149,5.21856,0,0,0,0,0,0
142,0.962149,5.20147,0,0,0,0,0,0
143,0.949939,5.20147,0,0,0,0,0,0
144,0.957265,5.2381,0,0,0,0,0,0
145,0.962149,5.20635,0,0,0,0,0,0
146,0.971917,5.22344,0,0,0,0,0,0
147,0.984127,5.22344,0,0,0,0,0,0
148,0.984127,5.21612,0,0,0,0,0,0
149,0.949939,5.23565,0,0,0,0,0,0
150,0.947497,5.21856,0,0,0,0,0,0
151,0.952381,5.21612,0,0,0,0,0,0
152,0.952381,5.221,0,0,0,0,0,0
153,0.940171,5.20879,0,0,0,0,0,0
154,0.705739,5.21612,0,0,0,0,0,0
155,0.925519,5.20879,0,0,0,0,0,0
156,0.903541,5.19658,0,0,0,0,0,0
157,0.913309,5.21123,0,0,0,0,0,0
158,0.932845,5.22344,0,0,0,0,0,0
159,0.925519,5.21612,0,0,0,0,0,0
160,0.937729,5.21612,0,0,0,0,0,0
161,0.925519,5.23565,0,0,0,0,0,0
162,0.927961,5.20391,0,0,0,0,0,0
163,0.918193,5.21612,0,0,0,0,0,0
164,0.908425,5.221,0,0,0,0,0,0
165,0.925519,5.21123,0,0,0,0,0,0
166,0.954823,5.25031,0,0,0,0,0,0
167,0.952381,5.19658,0,0,0,0,0,0
168,0.945055,5.20147,0,0,0,0,0,0
169,0.957265,5.21856,0,0,0,0,0,0
170,0.937729,5.20391,0,0,0,0,0,0
171,0.957265,5.22344,0,0,0,0,0,0
172,0.954823,5.21612,0,0,0,0,0,0
173,0.957265,5.20391,0,0,0,0,0,0
174,0.952381,5.21123,0,0,0,0,0,0
175,0.927961,5.19658,0,0,0,0,0,0
176,0.935287,5.20391,0,0,0,0,0,0
177,0.935287,5.23321,0,0,0,0,0,0
178,0.925519,5.21856,0,0,0,0,0,0
179,0.920635,5.21612,0,0,0,0,0,0
180,0.937729,5.22589,0,0,0,0,0,0
181,0.937729,5.22344,0,0,0,0,0,0
182,0.935287,5.20391,0,0,0,0,0,0
183,0.942613,5.23321,0,0,0,0,0,0
184,0.947497,5.23565,0,0,0,0,0,0
185,0.947497,5.22589,0,0,0,0,0,0
186,0.927961,5.23077,0,0,0,0,0,0
187,0.903541,5.22589,0,0,0,0,0,0
188,0.915751,5.21368,0,0,0,0,0,0
189,0.901099,5.22589,0,0,0,0,0,0
190,0.918193,5.20391,0,0,0,0,0,0
191,0.923077,5.20147,0,0,0,0,0,0
192,0.942613,5.21856,0,0,0,0,0,0
193,0.940171,5.22833,0,0,0,0,0,0
194,0.927961,5.21856,0,0,0,0,0,0
195,0.945055,5.21856,0,0,0,0,0,0
196,0.947497,5.21856,0,0,0,0,0,0
197,0.945055,5.19414,0,0,0,0,0,0
198,0.937729,5.19414,0,0,0,0,0,0
199,0.942613,5.221,0,0,0,0,0,0
200,0.952381,5.20879,0,0,0,0,0,0
201,0.940171,5.23565,0,0,0,0,0,0
202,0.971917,5.22589,0,0,0,0,0,0
203,0.949939,5.21612,0,0,0,0,0,0
204,0.947497,5.22833,0,0,0,0,0,0
205,0.937729,5.21368,0,0,0,0,0,0
206,0.945055,5.21856,0,0,0,0,0,0
207,0.937729,5.21368,0,0,0,0,0,0
208,0.927961,5.17949,0,0,0,0,0,0
209,0.915751,5.18681,0,0,0,0,0,0
210,0.908425,5.21368,0,0,0,0,0,0
211,0.913309,5.21856,0,0,0,0,0,0
212,0.918193,5.20879,0,0,0,0,0,0
213,0.930403,5.221,0,0,0,0,0,0
214,0.920635,5.20879,0,0,0,0,0,0
215,0.920635,5.20391,0,0,0,0,0,0
216,0.945055,5.20147,0,0,0,0,0,0
217,0.942613,5.18681,0,0,0,0,0,0
218,0.942613,5.23321,0,0,0,0,0,0
219,0.957265,5.23321,0,0,0,0,0,0
220,0.952381,5.21612,0,0,0,0,0,0
221,0.947497,5.24054,0,0,0,0,0,0
222,0.947497,5.21123,0,0,0,0,0,0
223,0.957265,5.19658,0,0,0,0,0,0
224,0.974359,5.221,0,0,0,0,0,0
225,0.976801,5.21368,0,0,0,0,0,0
226,0.957265,5.21612,0,0,0,0,0,0
227,0.918193,5.1917,0,0,0,0,0,0
228,0.903541,5.1917,0,0,0,0,0,0
229,0.927961,5.22833,0,0,0,0,0,0
230,0.925519,5.21612,0,0,0,0,0,0
231,0.913309,5.20635,0,0,0,0,0,0
232,0.923077,5.22589,0,0,0,0,0,0
233,0.920635,5.20879,0,0,0,0,0,0
234,0.930403,5.22589,0,0,0,0,0,0
235,0.937729,5.22589,0,0,0,0,0,0
236,0.925519,5.221,0,0,0,0,0,0
237,0.954823,5.22589,0,0,0,0,0,0
238,0.949939,5.23565,0,0,0,0,0,0
239,0.952381,5.20879,0,0,0,0,0,0
240,0.952381,5.22833,0,0,0,0,0,0
241,0.957265,5.21123,0,0,0,0,0,0
242,0.942613,5.221,0,0,0,0,0,0
243,0.940171,5.22589,0,0,0,0,0,0
244,0.942613,5.21123,0,0,0,0,0,0
245,0.949939,5.20391,0,0,0,0,0,0
246,0.954823,5.21612,0,0,0,0,0,0
247,0.945055,5.22833,0,0,0,0,0,0
248,0.989011,5.20879,0,0,0,0,0,0
249,0.940171,5.21123,0,0,0,0,0,0
250,0.976801,5.21612,0,0,0,0,0,0
1,0.976801,5.21856,0,0,0,0,0,0
2,0.947497,5.20635,0,0,0,0,0,0
3,0.942613,5.22833,0,0,0,0,0,0
4,0.942613,5.23565,0,0,0,0,0,0
5,0.957265,5.22589,0,0,0,0,0,0
6,0.942613,5.21612,0,0,0,0,0,0
7,0.954823,5.22589,0,0,0,0,0,0
8,0.957265,5.23565,0,0,0,0,0,0
9,0.959707,5.23077,0,0,0,0,0,0
10,0.932845,5.23321,0,0,0,0,0,0
11,0.949939,5.22344,0,0,0,0,0,0
12,0.949939,5.20879,0,0,0,0,0,0
13,0.923077,5.19902,0,0,0,0,0,0
14,0.915751,5.20635,0,0,0,0,0,0
15,0.940171,5.22589,0,0,0,0,0,0
16,0.927961,5.20635,0,0,0,0,0,0
17,0.918193,5.20391,0,0,0,0,0,0
18,0.957265,5.221,0,0,0,0,0,0
19,0.952381,5.18437,0,0,0,0,0,0
20,0.976801,5.21368,0,0,0,0,0,0
21,0.954823,5.21856,0,0,0,0,0,0
22,0.984127,5.24298,0,0,0,0,0,0
23,0.986569,5.24054,0,0,0,0,0,0
24,0.984127,5.20147,0,0,0,0,0,0
25,0.962149,5.22589,0,0,0,0,0,0
26,0.967033,5.21368,0,0,0,0,0,0
27,0.967033,5.22589,0,0,0,0,0,0
28,0.964591,5.21123,0,0,0,0,0,0
29,0.996337,5.21612,0,0,0,0,0,0
30,0.964591,5.18681,0,0,0,0,0,0
31,0.959707,5.19658,0,0,0,0,0,0
32,0.927961,5.221,0,0,0,0,0,0
33,0.957265,5.21612,0,0,0,0,0,0
34,0.962149,5.22589,0,0,0,0,0,0
35,0.949939,5.21856,0,0,0,0,0,0
36,0.937729,5.18681,0,0,0,0,0,0
37,0.937729,5.23321,0,0,0,0,0,0
38,0.949939,5.21856,0,0,0,0,0,0
39,0.967033,5.21612,0,0,0,0,0,0
40,0.954823,5.23077,0,0,0,0,0,0
41,0.967033,5.23321,0,0,0,0,0,0
42,0.945055,5.22344,0,0,0,0,0,0
43,0.954823,5.21612,0,0,0,0,0,0
44,0.974359,5.22833,0,0,0,0,0,0
45,0.981685,5.21368,0,0,0,0,0,0
46,0.969475,5.20635,0,0,0,0,0,0
47,0.957265,5.21612,0,0,0,0,0,0
48,0.947497,5.21612,0,0,0,0,0,0
49,0.949939,5.20635,0,0,0,0,0,0
50,0.962149,5.21123,0,0,0,0,0,0
51,0.989011,5.21856,0,0,0,0,0,0
52,0.974359,5.221,0,0,0,0,0,0
53,0.974359,5.21856,0,0,0,0,0,0
54,0.942613,5.21856,0,0,0,0,0,0
55,0.949939,5.22344,0,0,0,0,0,0
56,0.959707,5.24054,0,0,0,0,0,0
57,0.957265,5.23565,0,0,0,0,0,0
58,0.964591,5.221,0,0,0,0,0,0
59,0.976801,5.23321,0,0,0,0,0,0
60,0.949939,5.22344,0,0,0,0,0,0
61,0.949939,5.22589,0,0,0,0,0,0
62,0.967033,5.22344,0,0,0,0,0,0
63,0.962149,5.22344,0,0,0,0,0,0
64,0.962149,5.22344,0,0,0,0,0,0
65,0.949939,5.20391,0,0,0,0,0,0
66,0.962149,5.21368,0,0,0,0,0,0
67,0.962149,5.21612,0,0,0,0,0,0
68,0.969475,5.20147,0,0,0,0,0,0
69,0.959707,5.21856,0,0,0,0,0,0
70,0.969475,5.21368,0,0,0,0,0,0
71,0.971917,5.20147,0,0,0,0,0,0
72,0.991453,5.20879,0,0,0,0,0,0
73,0.996337,5.221,0,0,0,0,0,0
74,0.984127,5.24298,0,0,0,0,0,0
75,1.00611,5.2381,0,0,0,0,0,0
76,0.993895,5.21612,0,0,0,0,0,0
77,1.00366,5.21856,0,0,0,0,0,0
78,1.00122,5.22344,0,0,0,0,0,0
79,0.959707,5.221,0,0,0,0,0,0
80,0.962149,5.21612,0,0,0,0,0,0
81,0.967033,5.23077,0,0,0,0,0,0
82,0.954823,5.21856,0,0,0,0,0,0
83,0.971917,5.21612,0,0,0,0,0,0
84,0.952381,5.19658,0,0,0,0,0,0
85,0.967033,5.20391,0,0,0,0,0,0
86,0.969475,5.20879,0,0,0,0,0,0
87,0.949939,5.2381,0,0,0,0,0,0
88,0.967033,5.20879,0,0,0,0,0,0
89,0.969475,5.21856,0,0,0,0,0,0
90,0.957265,5.20147,0,0,0,0,0,0
91,0.959707,5.20879,0,0,0,0,0,0
92,0.949939,5.23565,0,0,0,0,0,0
93,0.971917,5.22344,0,0,0,0,0,0
94,0.986569,5.19658,0,0,0,0,0,0
95,0.981685,5.22833,0,0,0,0,0,0
96,0.984127,5.22344,0,0,0,0,0,0
97,0.996337,5.221,0,0,0,0,0,0
98,0.986569,5.23077,0,0,0,0,0,0
99,0.981685,5.21368,0,0,0,0,0,0
100,0.991453,5.20147,0,0,0,0,0,0
101,0.974359,5.19902,0,0,0,0,0,0
102,0.993895,5.19658,0,0,0,0,0,0
103,1.00366,5.21612,0,0,0,0,0,0
104,0.991453,5.21368,0,0,0,0,0,0
105,1.00366,5.20635,0,0,0,0,0,0
106,0.998779,5.21856,0,0,0,0,0,0
107,0.984127,5.21123,0,0,0,0,0,0
108,0.998779,5.21368,0,0,0,0,0,0
109,0.976801,5.22833,0,0,0,0,0,0
110,0.996337,5.2381,0,0,0,0,0,0
111,0.991453,5.24786,0,0,0,0,0,0
112,0.986569,5.221,0,0,0,0,0,0
113,0.976801,5.21368,0,0,0,0,0,0
114,0.964591,5.23565,0,0,0,0,0,0
115,0.964591,5.22589,0,0,0,0,0,0
116,0.976801,5.21856,0,0,0,0,0,0
117,0.993895,5.21612,0,0,0,0,0,0
118,0.971917,5.22833,0,0,0,0,0,0
119,0.986569,5.17949,0,0,0,0,0,0
120,0.976801,5.21856,0,0,0,0,0,0
121,0.998779,5.20879,0,0,0,0,0,0
122,1.00855,5.21612,0,0,0,0,0,0
123,0.971917,5.20147,0,0,0,0,0,0
124,0.993895,5.21123,0,0,0,0,0,0
125,0.998779,5.23321,0,0,0,0,0,0
126,1.00855,5.19902,0,0,0,0,0,0
127,0.971917,5.21123,0,0,0,0,0,0
128,1.00366,5.22589,0,0,0,0,0,0
129,0.989011,5.24786,0,0,0,0,0,0
130,0.976801,5.21856,0,0,0,0,0,0
131,0.981685,5.21612,0,0,0,0,0,0
132,1.00122,5.22833,0,0,0,0,0,0
133,0.993895,5.21856,0,0,0,0,0,0
134,0.984127,5.21368,0,0,0,0,0,0
135,0.964591,5.18681,0,0,0,0,0,0
136,0.962149,5.22589,0,0,0,0,0,0
137,0.957265,5.1917,0,0,0,0,0,0
138,0.945055,5.20147,0,0,0,0,0,0
139,0.991453,5.22344,0,0,0,0,0,0
140,0.986569,5.23077,0,0,0,0,0,0
141,0.996337,5.22344,0,0,0,0,0,0
142,0.991453,5.21368,0,0,0,0,0,0
143,1.00366,5.21856,0,0,0,0,0,0
144,1.00855,5.23077,0,0,0,0,0,0
145,1.00855,5.21612,0,0,0,0,0,0
146,1.00611,5.22833,0,0,0,0,0,0
147,1.0232,5.25031,0,0,0,0,0,0
148,1.01099,5.20147,0,0,0,0,0,0
149,1.01832,5.21612,0,0,0,0,0,0
150,1.03053,5.22833,0,0,0,0,0,0
151,1.02076,5.22344,0,0,0,0,0,0
152,1.02808,5.23565,0,0,0,0,0,0
153,1.00855,5.20879,0,0,0,0,0,0
154,1.01099,5.20391,0,0,0,0,0,0
155,0.986569,5.21368,0,0,0,0,0,0
156,0.993895,5.19414,0,0,0,0,0,0
157,0.989011,5.21612,0,0,0,0,0,0
158,0.989011,5.23077,0,0,0,0,0,0
159,0.998779,5.20391,0,0,0,0,0,0
160,0.993895,5.19658,0,0,0,0,0,0
161,1.00611,5.21856,0,0,0,0,0,0
162,0.991453,5.22833,0,0,0,0,0,0
163,0.991453,5.22589,0,0,0,0,0,0
164,1.00611,5.2381,0,0,0,0,0,0
165,1.01099,5.2381,0,0,0,0,0,0
166,1.00611,5.22344,0,0,0,0,0,0
167,0.996337,5.21123,0,0,0,0,0,0
168,1.01099,5.21612,0,0,0,0,0,0
169,0.971917,5.23321,0,0,0,0,0,0
170,0.974359,5.20147,0,0,0,0,0,0
171,0.979243,5.20391,0,0,0,0,0,0
172,1.00122,5.21123,0,0,0,0,0,0
173,0.996337,5.20391,0,0,0,0,0,0
174,1.01099,5.20879,0,0,0,0,0,0
175,0.998779,5.22344,0,0,0,0,0,0
176,1.01832,5.22833,0,0,0,0,0,0
177,1.01832,5.221,0,0,0,0,0,0
178,0.954823,5.19902,0,0,0,0,0,0
179,1.00855,5.20147,0,0,0,0,0,0
180,1.01587,5.23077,0,0,0,0,0,0
181,1.01832,5.22589,0,0,0,0,0,0
182,1.0232,5.22833,0,0,0,0,0,0
183,1.02808,5.22833,0,0,0,0,0,0
184,0.998779,5.23321,0,0,0,0,0,0
185,0.862027,5.20879,0,0,0,0,0,0
186,0.981685,5.21856,0,0,0,0,0,0
187,1.00611,5.22833,0,0,0,0,0,0
188,1.00611,5.20879,0,0,0,0,0,0
189,0.991453,5.20635,0,0,0,0,0,0
190,0.967033,5.21612,0,0,0,0,0,0
191,0.976801,5.1917,0,0,0,0,0,0
192,0.991453,5.23321,0,0,0,0,0,0
193,1.01587,5.21612,0,0,0,0,0,0
194,1.00366,5.20879,0,0,0,0,0,0
195,1.01099,5.21856,0,0,0,0,0,0
196,1.01832,5.21856,0,0,0,0,0,0
197,1.00611,5.221,0,0,0,0,0,0
198,1.0232,5.22589,0,0,0,0,0,0
199,1.03785,5.23321,0,0,0,0,0,0
200,1.03297,5.22833,0,0,0,0,0,0
201,1.02564,5.23077,0,0,0,0,0,0
202,1.02808,5.23321,0,0,0,0,0,0
203,0.986569,5.24054,0,0,0,0,0,0
204,1.00611,5.22344,0,0,0,0,0,0
205,1.00611,5.221,0,0,0,0,0,0
206,1.00122,5.20879,0,0,0,0,0,0
207,0.998779,5.21856,0,0,0,0,0,0
208,0.976801,5.21123,0,0,0,0,0,0
209,0.991453,5.19902,0,0,0,0,0,0
210,1.00366,5.221,0,0,0,0,0,0
211,0.989011,5.21612,0,0,0,0,0,0
212,0.986569,5.1917,0,0,0,0,0,0
213,0.981685,5.2381,0,0,0,0,0,0
214,0.996337,5.20147,0,0,0,0,0,0
215,0.991453,5.20879,0,0,0,0,0,0
216,1.01832,5.23321,0,0,0,0,0,0
217,1.01587,5.23565,0,0,0,0,0,0
218,1.03541,5.2381,0,0,0,0,0,0
219,1.01832,5.22344,0,0,0,0,0,0
220,1.03053,5.21368,0,0,0,0,0,0
221,1.02808,5.23321,0,0,0,0,0,0
222,1.02564,5.23565,0,0,0,0,0,0
223,1.02808,5.21123,0,0,0,0,0,0
224,1.00611,5.221,0,0,0,0,0,0
225,0.991453,5.23077,0,0,0,0,0,0
226,0.964591,5.20879,0,0,0,0,0,0
227,0.993895,5.22344,0,0,0,0,0,0
228,0.991453,5.21856,0,0,0,0,0,0
229,1.00366,5.21612,0,0,0,0,0,0
230,0.981685,5.19902,0,0,0,0,0,0
231,0.998779,5.21368,0,0,0,0,0,0
232,0.996337,5.21612,0,0,0,0,0,0
233,0.986569,5.20391,0,0,0,0,0,0
234,0.984127,5.21856,0,0,0,0,0,0
235,0.991453,5.25275,0,0,0,0,0,0
236,0.996337,5.221,0,0,0,0,0,0
237,0.993895,5.21856,0,0,0,0,0,0
238,1.01587,5.22833,0,0,0,0,0,0
239,0.998779,5.2381,0,0,0,0,0,0
240,1.01587,5.221,0,0,0,0,0,0
241,0.991453,5.22589,0,0,0,0,0,0
242,0.996337,5.22833,0,0,0,0,0,0
243,1.00122,5.20879,0,0,0,0,0,0
244,0.993895,5.20391,0,0,0,0,0,0
245,0.991453,5.18681,0,0,0,0,0,0
246,1.00366,5.23077,0,0,0,0,0,0
247,1.00366,5.20879,0,0,0,0,0,0
248,1.00366,5.20635,0,0,0,0,0,0
249,0.986569,5.21612,0,0,0,0,0,0
250,1.00611,5.20879,0,0,0,0,0,0
